10	7
10.01	3
10.02	11
10.03	11
10.04	11
10.05	1
10.06	6
10.07	9
10.08	10
10.09	9
10.1	4
10.11	4
10.12	11
10.13	6
10.14	9
10.15	12
10.16	6
10.17	8
10.18	12
10.19	3
10.2	9
10.21	11
10.22	7
10.23	7
10.24	4
10.25	6
10.26	4
10.27	7
10.28	8
10.29	10
10.3	5
10.31	12
10.32	6
10.33	8
10.34	7
10.35	9
10.36	6
10.37	9
10.38	7
10.39	8
10.4	5
10.41	6
10.42	9
10.43	6
10.44	7
10.45	6
10.46	9
10.47	6
10.48	6
10.49	2
10.5	8
10.51	3
10.52	3
10.53	7
10.54	6
10.55	5
10.56	7
10.57	9
10.58	4
10.59	10
10.6	2
10.61	7
10.62	5
10.63	7
10.64	8
10.65	6
10.66	11
10.67	7
10.68	9
10.69	13
10.7	9
10.71	6
10.72	6
10.73	7
10.74	14
10.75	11
10.76	5
10.77	12
10.78	7
10.79	7
10.8	2
10.81	9
10.82	7
10.83	9
10.84	11
10.85	7
10.86	6
10.87	3
10.88	2
10.89	10
10.9	8
10.91	10
10.92	7
10.93	6
10.94	8
10.95	4
10.96	8
10.97	11
10.98	4
10.99	7
11	10
11.01	7
11.02	5
11.03	14
11.04	6
11.05	5
11.06	5
11.07	9
11.08	8
11.09	10
11.1	10
11.11	6
11.12	14
11.13	10
11.14	13
11.15	9
11.16	8
11.17	9
11.18	8
11.19	2
11.2	5
11.21	10
11.22	9
11.23	7
11.24	6
11.25	10
11.26	9
11.27	7
11.28	6
11.29	7
11.3	7
11.31	6
11.32	7
11.33	16
11.34	9
11.35	7
11.36	6
11.37	10
11.38	7
11.39	6
11.4	7
11.41	6
11.42	11
11.43	6
11.44	5
11.45	8
11.46	7
11.47	10
11.48	8
11.49	13
11.5	7
11.51	4
11.52	7
11.53	3
11.54	13
11.55	7
11.56	7
11.57	11
11.58	3
11.59	10
11.6	6
11.61	5
11.62	7
11.63	5
11.64	4
11.65	2
11.66	5
11.67	9
11.68	10
11.69	6
11.7	10
11.71	10
11.72	12
11.73	6
11.74	8
11.75	9
11.76	9
11.77	6
11.78	13
11.79	12
11.8	9
11.81	9
11.82	9
11.83	4
11.84	6
11.85	6
11.86	9
11.87	4
11.88	9
11.89	9
11.9	9
11.91	7
11.92	11
11.93	7
11.94	9
11.95	16
11.96	7
11.97	10
11.98	7
11.99	9
12	4
12.01	8
12.02	2
12.03	4
12.04	9
12.05	7
12.06	3
12.07	8
12.08	5
12.09	9
12.1	5
12.11	6
12.12	8
12.13	5
12.14	4
12.15	5
12.16	8
12.17	8
12.18	16
12.19	6
12.2	3
12.21	8
12.22	7
12.23	7
12.24	3
12.25	9
12.26	6
12.27	7
12.28	7
12.29	9
12.3	8
12.31	10
12.32	13
12.33	6
12.34	15
12.35	6
12.36	11
12.37	9
12.38	6
12.39	16
12.4	7
12.41	9
12.42	10
12.43	7
12.44	17
12.45	7
12.46	6
12.47	12
12.48	10
12.49	10
12.5	9
12.51	3
12.52	4
12.53	7
12.54	7
12.55	5
12.56	5
12.57	5
12.58	11
12.59	8
12.6	5
12.61	8
12.62	7
12.63	6
12.64	7
12.65	8
12.66	6
12.67	7
12.68	4
12.69	7
12.7	12
12.71	7
12.72	7
12.73	8
12.74	3
12.75	4
12.76	7
12.77	5
12.78	11
12.79	10
12.8	5
12.81	11
12.82	12
12.83	10
12.84	4
12.85	4
12.86	10
12.87	6
12.88	2
12.89	4
12.9	7
12.91	8
12.92	5
12.93	10
12.94	5
12.95	6
12.96	13
12.97	6
12.98	8
12.99	8
13	5
13.01	7
13.02	4
13.03	5
13.04	4
13.05	7
13.06	9
13.07	11
13.08	9
13.09	10
13.1	5
13.11	6
13.12	6
13.13	8
13.14	6
13.15	7
13.16	9
13.17	4
13.18	3
13.19	4
13.2	6
13.21	9
13.22	7
13.23	6
13.24	10
13.25	3
13.26	9
13.27	10
13.28	9
13.29	6
13.3	9
13.31	5
13.32	6
13.33	5
13.34	8
13.35	9
13.36	9
13.37	7
13.38	9
13.39	10
13.4	5
13.41	5
13.42	9
13.43	6
13.44	6
13.45	9
13.46	4
13.47	6
13.48	8
13.49	6
13.5	5
13.51	7
13.52	12
13.53	4
13.54	8
13.55	5
13.56	6
13.57	6
13.58	6
13.59	6
13.6	10
13.61	3
13.62	3
13.63	6
13.64	3
13.65	7
13.66	5
13.67	5
13.68	3
13.69	8
13.7	10
13.71	9
13.72	9
13.73	7
13.74	7
13.75	7
13.76	7
13.77	6
13.78	10
13.79	4
13.8	10
13.81	3
13.82	4
13.83	10
13.84	6
13.85	9
13.86	6
13.87	11
13.88	3
13.89	12
13.9	10
13.91	11
13.92	9
13.93	8
13.94	5
13.95	6
13.96	6
13.97	7
13.98	10
13.99	8
14	4
14.01	8
14.02	9
14.03	7
14.04	7
14.05	8
14.06	4
14.07	7
14.08	7
14.09	2
14.1	6
14.11	8
14.12	5
14.13	9
14.14	8
14.15	3
14.16	9
14.17	10
14.18	1
14.19	4
14.2	8
14.21	7
14.22	5
14.23	3
14.24	8
14.25	9
14.26	6
14.27	7
14.28	8
14.29	4
14.3	8
14.31	5
14.32	6
14.33	6
14.34	5
14.35	6
14.36	9
14.37	6
14.38	6
14.39	6
14.4	7
14.41	5
14.42	4
14.43	5
14.44	4
14.45	12
14.46	6
14.47	6
14.48	10
14.49	8
14.5	3
14.51	8
14.52	5
14.53	10
14.54	7
14.55	6
14.56	6
14.57	6
14.58	4
14.59	4
14.6	6
14.61	4
14.62	9
14.63	10
14.64	11
14.65	11
14.66	7
14.67	5
14.68	10
14.69	10
14.7	5
14.71	8
14.72	12
14.73	7
14.74	10
14.75	3
14.76	6
14.77	5
14.78	8
14.79	9
14.8	4
14.81	6
14.82	7
14.83	7
14.84	8
14.85	7
14.86	8
14.87	4
14.88	7
14.89	6
14.9	5
14.91	9
14.92	8
14.93	4
14.94	6
14.95	8
14.96	10
14.97	5
14.98	8
14.99	5
15	7
15.01	4
15.02	7
15.03	7
15.04	4
15.05	3
15.06	0
15.07	8
15.08	7
15.09	5
15.1	8
15.11	11
15.12	6
15.13	10
15.14	8
15.15	19
15.16	9
15.17	7
15.18	3
15.19	12
15.2	8
15.21	12
15.22	7
15.23	8
15.24	4
15.25	5
15.26	9
15.27	7
15.28	9
15.29	7
15.3	8
15.31	6
15.32	9
15.33	12
15.34	7
15.35	9
15.36	7
15.37	6
15.38	7
15.39	6
15.4	10
15.41	2
15.42	6
15.43	5
15.44	6
15.45	11
15.46	2
15.47	7
15.48	5
15.49	5
15.5	5
15.51	5
15.52	5
15.53	8
15.54	2
15.55	6
15.56	7
15.57	4
15.58	7
15.59	5
15.6	7
15.61	9
15.62	11
15.63	5
15.64	5
15.65	9
15.66	11
15.67	9
15.68	9
15.69	3
15.7	10
15.71	7
15.72	5
15.73	3
15.74	8
15.75	8
15.76	3
15.77	6
15.78	2
15.79	8
15.8	6
15.81	11
15.82	7
15.83	2
15.84	4
15.85	6
15.86	5
15.87	7
15.88	6
15.89	7
15.9	8
15.91	4
15.92	4
15.93	21
15.94	11
15.95	5
15.96	10
15.97	7
15.98	2
15.99	6
16	11
16.01	5
16.02	12
16.03	7
16.04	6
16.05	8
16.06	10
16.07	9
16.08	7
16.09	4
16.1	8
16.11	16
16.12	5
16.13	8
16.14	4
16.15	9
16.16	8
16.17	6
16.18	8
16.19	8
16.2	10
16.21	7
16.22	8
16.23	9
16.24	7
16.25	11
16.26	8
16.27	7
16.28	5
16.29	3
16.3	9
16.31	5
16.32	7
16.33	10
16.34	7
16.35	10
16.36	8
16.37	10
16.38	4
16.39	7
16.4	6
16.41	9
16.42	4
16.43	8
16.44	9
16.45	7
16.46	7
16.47	7
16.48	12
16.49	7
16.5	5
16.51	9
16.52	5
16.53	7
16.54	6
16.55	11
16.56	6
16.57	9
16.58	9
16.59	4
16.6	2
16.61	8
16.62	5
16.63	10
16.64	7
16.65	9
16.66	12
16.67	4
16.68	8
16.69	4
16.7	6
16.71	4
16.72	5
16.73	10
16.74	6
16.75	10
16.76	3
16.77	4
16.78	4
16.79	3
16.8	9
16.81	10
16.82	4
16.83	7
16.84	5
16.85	8
16.86	6
16.87	5
16.88	6
16.89	8
16.9	7
16.91	6
16.92	6
16.93	4
16.94	6
16.95	6
16.96	7
16.97	15
16.98	6
16.99	5
17	6
17.01	7
17.02	7
17.03	6
17.04	6
17.05	8
17.06	8
17.07	2
17.08	6
17.09	7
17.1	2
17.11	8
17.12	14
17.13	7
17.14	5
17.15	6
17.16	3
17.17	7
17.18	6
17.19	7
17.2	4
17.21	10
17.22	5
17.23	10
17.24	9
17.25	9
17.26	8
17.27	2
17.28	9
17.29	9
17.3	9
17.31	11
17.32	3
17.33	4
17.34	9
17.35	7
17.36	10
17.37	12
17.38	9
17.39	3
17.4	2
17.41	8
17.42	9
17.43	6
17.44	8
17.45	4
17.46	8
17.47	3
17.48	15
17.49	9
17.5	5
17.51	5
17.52	9
17.53	5
17.54	12
17.55	7
17.56	3
17.57	8
17.58	6
17.59	10
17.6	6
17.61	8
17.62	5
17.63	8
17.64	10
17.65	6
17.66	6
17.67	5
17.68	8
17.69	8
17.7	5
17.71	9
17.72	8
17.73	12
17.74	9
17.75	10
17.76	10
17.77	9
17.78	5
17.79	6
17.8	3
17.81	6
17.82	7
17.83	5
17.84	11
17.85	8
17.86	4
17.87	6
17.88	9
17.89	11
17.9	10
17.91	11
17.92	10
17.93	7
17.94	9
17.95	8
17.96	10
17.97	3
17.98	9
17.99	6
18	9
18.01	9
18.02	11
18.03	6
18.04	5
18.05	5
18.06	5
18.07	10
18.08	5
18.09	9
18.1	5
18.11	5
18.12	9
18.13	4
18.14	7
18.15	8
18.16	7
18.17	3
18.18	6
18.19	12
18.2	5
18.21	12
18.22	10
18.23	7
18.24	6
18.25	9
18.26	12
18.27	8
18.28	2
18.29	4
18.3	4
18.31	5
18.32	13
18.33	7
18.34	8
18.35	6
18.36	3
18.37	8
18.38	8
18.39	2
18.4	10
18.41	8
18.42	5
18.43	10
18.44	9
18.45	8
18.46	11
18.47	3
18.48	10
18.49	8
18.5	1
18.51	11
18.52	7
18.53	4
18.54	8
18.55	6
18.56	4
18.57	9
18.58	10
18.59	4
18.6	5
18.61	6
18.62	3
18.63	9
18.64	2
18.65	4
18.66	9
18.67	7
18.68	2
18.69	4
18.7	2
18.71	8
18.72	10
18.73	6
18.74	5
18.75	13
18.76	10
18.77	4
18.78	7
18.79	14
18.8	7
18.81	5
18.82	8
18.83	6
18.84	5
18.85	9
18.86	6
18.87	8
18.88	11
18.89	7
18.9	4
18.91	8
18.92	4
18.93	10
18.94	4
18.95	12
18.96	4
18.97	9
18.98	7
18.99	15
19	7
19.01	11
19.02	4
19.03	8
19.04	8
19.05	7
19.06	8
19.07	7
19.08	10
19.09	3
19.1	4
19.11	14
19.12	3
19.13	9
19.14	7
19.15	4
19.16	9
19.17	6
19.18	12
19.19	4
19.2	4
19.21	4
19.22	8
19.23	9
19.24	2
19.25	13
19.26	6
19.27	9
19.28	7
19.29	9
19.3	12
19.31	11
19.32	5
19.33	6
19.34	12
19.35	4
19.36	4
19.37	7
19.38	13
19.39	7
19.4	6
19.41	6
19.42	6
19.43	11
19.44	13
19.45	9
19.46	9
19.47	7
19.48	8
19.49	8
19.5	13
19.51	11
19.52	8
19.53	12
19.54	11
19.55	15
19.56	12
19.57	18
19.58	17
19.59	24
19.6	17
19.61	26
19.62	27
19.63	37
19.64	50
19.65	52
19.66	69
19.67	75
19.68	59
19.69	75
19.7	78
19.71	58
19.72	71
19.73	61
19.74	51
19.75	56
19.76	51
19.77	39
19.78	49
19.79	27
19.8	44
19.81	33
19.82	38
19.83	30
19.84	43
19.85	23
19.86	40
19.87	34
19.88	31
19.89	23
19.9	28
19.91	23
19.92	25
19.93	19
19.94	26
19.95	26
19.96	15
19.97	19
19.98	11
19.99	20
20	12
20.01	16
20.02	14
20.03	9
20.04	15
20.05	19
20.06	11
20.07	10
20.08	8
20.09	12
20.1	7
20.11	7
20.12	6
20.13	4
20.14	12
20.15	8
20.16	11
20.17	5
20.18	13
20.19	5
20.2	9
20.21	10
20.22	10
20.23	5
20.24	9
20.25	7
20.26	4
20.27	12
20.28	7
20.29	4
20.3	3
20.31	16
20.32	5
20.33	2
20.34	6
20.35	4
20.36	12
20.37	8
20.38	5
20.39	7
20.4	9
20.41	8
20.42	5
20.43	5
20.44	7
20.45	10
20.46	5
20.47	5
20.48	7
20.49	6
20.5	8
20.51	8
20.52	5
20.53	5
20.54	8
20.55	8
20.56	3
20.57	9
20.58	12
20.59	4
20.6	8
20.61	6
20.62	4
20.63	8
20.64	3
20.65	5
20.66	6
20.67	5
20.68	4
20.69	10
20.7	8
20.71	6
20.72	12
20.73	7
20.74	8
20.75	6
20.76	5
20.77	10
20.78	7
20.79	8
20.8	7
20.81	5
20.82	5
20.83	6
20.84	3
20.85	4
20.86	10
20.87	6
20.88	10
20.89	7
20.9	6
20.91	4
20.92	5
20.93	11
20.94	6
20.95	8
20.96	7
20.97	7
20.98	9
20.99	4
21	9
21.01	8
21.02	8
21.03	4
21.04	7
21.05	3
21.06	9
21.07	8
21.08	9
21.09	6
21.1	7
21.11	7
21.12	7
21.13	10
21.14	5
21.15	7
21.16	2
21.17	6
21.18	6
21.19	9
21.2	7
21.21	2
21.22	7
21.23	2
21.24	4
21.25	10
21.26	5
21.27	8
21.28	5
21.29	8
21.3	5
21.31	12
21.32	7
21.33	11
21.34	2
21.35	7
21.36	5
21.37	7
21.38	3
21.39	5
21.4	6
21.41	10
21.42	3
21.43	2
21.44	10
21.45	4
21.46	5
21.47	5
21.48	9
21.49	8
21.5	3
21.51	9
21.52	8
21.53	6
21.54	3
21.55	7
21.56	6
21.57	9
21.58	3
21.59	13
21.6	11
21.61	7
21.62	10
21.63	6
21.64	5
21.65	6
21.66	3
21.67	7
21.68	3
21.69	2
21.7	7
21.71	5
21.72	9
21.73	7
21.74	4
21.75	7
21.76	2
21.77	10
21.78	4
21.79	4
21.8	8
21.81	9
21.82	3
21.83	2
21.84	6
21.85	7
21.86	6
21.87	6
21.88	6
21.89	8
21.9	8
21.91	6
21.92	12
21.93	7
21.94	7
21.95	8
21.96	9
21.97	4
21.98	9
21.99	5
22	7
22.01	9
22.02	6
22.03	4
22.04	10
22.05	5
22.06	13
22.07	10
22.08	8
22.09	4
22.1	7
22.11	9
22.12	4
22.13	4
22.14	8
22.15	5
22.16	10
22.17	6
22.18	8
22.19	7
22.2	7
22.21	3
22.22	6
22.23	6
22.24	7
22.25	6
22.26	6
22.27	9
22.28	6
22.29	5
22.3	7
22.31	7
22.32	5
22.33	3
22.34	8
22.35	9
22.36	9
22.37	5
22.38	5
22.39	13
22.4	12
22.41	2
22.42	4
22.43	5
22.44	7
22.45	11
22.46	10
22.47	6
22.48	7
22.49	6
22.5	13
22.51	6
22.52	6
22.53	3
22.54	2
22.55	3
22.56	6
22.57	3
22.58	5
22.59	3
22.6	7
22.61	7
22.62	3
22.63	5
22.64	7
22.65	8
22.66	2
22.67	4
22.68	6
22.69	9
22.7	7
22.71	7
22.72	4
22.73	7
22.74	10
22.75	8
22.76	6
22.77	6
22.78	7
22.79	7
22.8	6
22.81	3
22.82	11
22.83	4
22.84	10
22.85	8
22.86	11
22.87	7
22.88	11
22.89	9
22.9	10
22.91	6
22.92	7
22.93	3
22.94	7
22.95	5
22.96	7
22.97	3
22.98	11
22.99	11
23	4
23.01	7
23.02	5
23.03	3
23.04	7
23.05	5
23.06	6
23.07	4
23.08	12
23.09	11
23.1	8
23.11	3
23.12	5
23.13	11
23.14	4
23.15	3
23.16	5
23.17	2
23.18	9
23.19	7
23.2	11
23.21	6
23.22	3
23.23	6
23.24	4
23.25	4
23.26	10
23.27	9
23.28	8
23.29	7
23.3	11
23.31	3
23.32	1
23.33	12
23.34	7
23.35	8
23.36	2
23.37	5
23.38	3
23.39	15
23.4	6
23.41	5
23.42	6
23.43	3
23.44	8
23.45	4
23.46	3
23.47	6
23.48	11
23.49	9
23.5	11
23.51	6
23.52	6
23.53	8
23.54	5
23.55	9
23.56	10
23.57	10
23.58	9
23.59	7
23.6	6
23.61	1
23.62	10
23.63	6
23.64	12
23.65	6
23.66	11
23.67	3
23.68	7
23.69	7
23.7	2
23.71	4
23.72	14
23.73	5
23.74	4
23.75	6
23.76	6
23.77	4
23.78	6
23.79	4
23.8	3
23.81	6
23.82	13
23.83	7
23.84	2
23.85	6
23.86	1
23.87	11
23.88	5
23.89	4
23.9	7
23.91	8
23.92	7
23.93	7
23.94	4
23.95	2
23.96	10
23.97	8
23.98	4
23.99	1
24	7
24.01	5
24.02	6
24.03	8
24.04	9
24.05	3
24.06	6
24.07	10
24.08	5
24.09	6
24.1	7
24.11	7
24.12	5
24.13	6
24.14	1
24.15	4
24.16	5
24.17	3
24.18	5
24.19	6
24.2	4
24.21	9
24.22	6
24.23	3
24.24	5
24.25	6
24.26	2
24.27	6
24.28	9
24.29	10
24.3	14
24.31	3
24.32	6
24.33	3
24.34	8
24.35	7
24.36	7
24.37	6
24.38	5
24.39	8
24.4	2
24.41	5
24.42	7
24.43	4
24.44	3
24.45	5
24.46	8
24.47	6
24.48	6
24.49	9
24.5	9
24.51	3
24.52	14
24.53	8
24.54	6
24.55	6
24.56	10
24.57	4
24.58	8
24.59	6
24.6	5
24.61	8
24.62	6
24.63	7
24.64	6
24.65	8
24.66	9
24.67	7
24.68	9
24.69	4
24.7	6
24.71	11
24.72	8
24.73	4
24.74	6
24.75	5
24.76	7
24.77	4
24.78	7
24.79	5
24.8	4
24.81	6
24.82	9
24.83	6
24.84	11
24.85	8
24.86	10
24.87	4
24.88	4
24.89	4
24.9	11
24.91	4
24.92	8
24.93	9
24.94	2
24.95	8
24.96	8
24.97	4
24.98	8
24.99	5
25	6
25.01	8
25.02	9
25.03	8
25.04	11
25.05	5
25.06	8
25.07	10
25.08	4
25.09	9
25.1	8
25.11	1
25.12	5
25.13	13
25.14	7
25.15	4
25.16	9
25.17	1
25.18	11
25.19	10
25.2	8
25.21	3
25.22	6
25.23	2
25.24	6
25.25	6
25.26	5
25.27	5
25.28	9
25.29	4
25.3	11
25.31	9
25.32	7
25.33	4
25.34	7
25.35	7
25.36	8
25.37	5
25.38	14
25.39	10
25.4	5
25.41	8
25.42	8
25.43	9
25.44	10
25.45	11
25.46	5
25.47	3
25.48	10
25.49	6
25.5	11
25.51	4
25.52	10
25.53	4
25.54	10
25.55	6
25.56	1
25.57	11
25.58	5
25.59	8
25.6	7
25.61	4
25.62	8
25.63	7
25.64	3
25.65	6
25.66	8
25.67	8
25.68	6
25.69	10
25.7	6
25.71	2
25.72	8
25.73	6
25.74	9
25.75	7
25.76	5
25.77	6
25.78	8
25.79	7
25.8	4
25.81	4
25.82	7
25.83	6
25.84	6
25.85	5
25.86	10
25.87	10
25.88	5
25.89	7
25.9	4
25.91	7
25.92	8
25.93	11
25.94	8
25.95	8
25.96	7
25.97	8
25.98	9
25.99	9
26	5
26.01	12
26.02	12
26.03	6
26.04	8
26.05	4
26.06	8
26.07	11
26.08	9
26.09	5
26.1	9
26.11	12
26.12	11
26.13	7
26.14	11
26.15	12
26.16	11
26.17	8
26.18	7
26.19	5
26.2	9
26.21	14
26.22	14
26.23	11
26.24	9
26.25	6
26.26	10
26.27	10
26.28	11
26.29	16
26.3	15
26.31	19
26.32	13
26.33	11
26.34	17
26.35	16
26.36	12
26.37	19
26.38	21
26.39	17
26.4	17
26.41	18
26.42	23
26.43	21
26.44	15
26.45	29
26.46	22
26.47	24
26.48	34
26.49	39
26.5	35
26.51	30
26.52	51
26.53	44
26.54	65
26.55	60
26.56	82
26.57	89
26.58	108
26.59	105
26.6	149
26.61	170
26.62	214
26.63	226
26.64	232
26.65	251
26.66	237
26.67	200
26.68	176
26.69	171
26.7	142
26.71	127
26.72	131
26.73	117
26.74	99
26.75	96
26.76	94
26.77	112
26.78	117
26.79	109
26.8	105
26.81	98
26.82	111
26.83	94
26.84	98
26.85	95
26.86	84
26.87	73
26.88	87
26.89	62
26.9	59
26.91	60
26.92	51
26.93	44
26.94	48
26.95	51
26.96	35
26.97	35
26.98	29
26.99	27
27	19
27.01	24
27.02	27
27.03	27
27.04	23
27.05	11
27.06	11
27.07	15
27.08	8
27.09	11
27.1	12
27.11	14
27.12	11
27.13	8
27.14	8
27.15	12
27.16	12
27.17	7
27.18	9
27.19	7
27.2	9
27.21	8
27.22	15
27.23	13
27.24	21
27.25	6
27.26	9
27.27	6
27.28	8
27.29	5
27.3	4
27.31	6
27.32	8
27.33	4
27.34	7
27.35	7
27.36	9
27.37	5
27.38	7
27.39	5
27.4	10
27.41	10
27.42	7
27.43	13
27.44	8
27.45	8
27.46	12
27.47	8
27.48	9
27.49	14
27.5	6
27.51	7
27.52	6
27.53	4
27.54	8
27.55	5
27.56	12
27.57	11
27.58	6
27.59	11
27.6	4
27.61	10
27.62	5
27.63	3
27.64	4
27.65	5
27.66	5
27.67	4
27.68	5
27.69	9
27.7	7
27.71	7
27.72	6
27.73	9
27.74	9
27.75	6
27.76	7
27.77	5
27.78	4
27.79	7
27.8	11
27.81	7
27.82	13
27.83	3
27.84	16
27.85	7
27.86	7
27.87	1
27.88	4
27.89	5
27.9	11
27.91	2
27.92	7
27.93	9
27.94	7
27.95	5
27.96	11
27.97	2
27.98	6
27.99	4
28	9
28.01	5
28.02	8
28.03	9
28.04	6
28.05	3
28.06	4
28.07	1
28.08	7
28.09	7
28.1	5
28.11	8
28.12	5
28.13	7
28.14	5
28.15	1
28.16	8
28.17	8
28.18	7
28.19	4
28.2	8
28.21	8
28.22	9
28.23	5
28.24	10
28.25	2
28.26	9
28.27	4
28.28	9
28.29	11
28.3	4
28.31	4
28.32	7
28.33	6
28.34	11
28.35	7
28.36	5
28.37	7
28.38	6
28.39	6
28.4	6
28.41	9
28.42	7
28.43	10
28.44	3
28.45	8
28.46	3
28.47	1
28.48	9
28.49	9
28.5	9
28.51	7
28.52	4
28.53	5
28.54	3
28.55	3
28.56	4
28.57	5
28.58	5
28.59	6
28.6	4
28.61	7
28.62	9
28.63	2
28.64	5
28.65	9
28.66	3
28.67	7
28.68	6
28.69	9
28.7	6
28.71	7
28.72	6
28.73	4
28.74	4
28.75	9
28.76	7
28.77	9
28.78	10
28.79	4
28.8	6
28.81	2
28.82	9
28.83	7
28.84	2
28.85	5
28.86	5
28.87	5
28.88	10
28.89	8
28.9	12
28.91	5
28.92	5
28.93	12
28.94	5
28.95	5
28.96	8
28.97	7
28.98	2
28.99	8
29	10
29.01	2
29.02	10
29.03	6
29.04	8
29.05	10
29.06	2
29.07	10
29.08	6
29.09	10
29.1	5
29.11	7
29.12	5
29.13	16
29.14	4
29.15	9
29.16	11
29.17	5
29.18	5
29.19	4
29.2	8
29.21	9
29.22	7
29.23	5
29.24	9
29.25	8
29.26	10
29.27	4
29.28	3
29.29	8
29.3	4
29.31	7
29.32	7
29.33	8
29.34	5
29.35	2
29.36	9
29.37	7
29.38	4
29.39	4
29.4	7
29.41	8
29.42	7
29.43	11
29.44	9
29.45	6
29.46	3
29.47	4
29.48	5
29.49	9
29.5	7
29.51	9
29.52	5
29.53	6
29.54	3
29.55	5
29.56	3
29.57	4
29.58	6
29.59	4
29.6	5
29.61	4
29.62	11
29.63	9
29.64	6
29.65	7
29.66	11
29.67	5
29.68	4
29.69	6
29.7	9
29.71	7
29.72	7
29.73	9
29.74	9
29.75	3
29.76	3
29.77	10
29.78	1
29.79	5
29.8	3
29.81	5
29.82	3
29.83	3
29.84	8
29.85	2
29.86	7
29.87	6
29.88	7
29.89	6
29.9	4
29.91	5
29.92	4
29.93	3
29.94	5
29.95	5
29.96	5
29.97	4
29.98	4
29.99	8
30	6
30.01	9
30.02	4
30.03	4
30.04	8
30.05	9
30.06	4
30.07	4
30.08	8
30.09	2
30.1	1
30.11	6
30.12	6
30.13	8
30.14	7
30.15	6
30.16	9
30.17	6
30.18	7
30.19	6
30.2	10
30.21	4
30.22	3
30.23	8
30.24	8
30.25	6
30.26	7
30.27	14
30.28	6
30.29	2
30.3	6
30.31	6
30.32	10
30.33	5
30.34	2
30.35	3
30.36	11
30.37	5
30.38	8
30.39	5
30.4	5
30.41	7
30.42	15
30.43	9
30.44	1
30.45	7
30.46	6
30.47	4
30.48	9
30.49	7
30.5	8
30.51	8
30.52	5
30.53	9
30.54	8
30.55	3
30.56	7
30.57	9
30.58	7
30.59	9
30.6	7
30.61	7
30.62	5
30.63	6
30.64	6
30.65	5
30.66	8
30.67	6
30.68	2
30.69	7
30.7	5
30.71	7
30.72	11
30.73	7
30.74	8
30.75	7
30.76	7
30.77	7
30.78	6
30.79	7
30.8	9
30.81	5
30.82	2
30.83	12
30.84	3
30.85	10
30.86	7
30.87	5
30.88	6
30.89	2
30.9	4
30.91	5
30.92	3
30.93	4
30.94	8
30.95	6
30.96	3
30.97	5
30.98	6
30.99	6
31	8
31.01	4
31.02	7
31.03	8
31.04	7
31.05	5
31.06	7
31.07	8
31.08	5
31.09	6
31.1	9
31.11	7
31.12	5
31.13	5
31.14	11
31.15	8
31.16	6
31.17	9
31.18	8
31.19	5
31.2	4
31.21	8
31.22	4
31.23	6
31.24	6
31.25	5
31.26	4
31.27	6
31.28	8
31.29	11
31.3	8
31.31	7
31.32	14
31.33	9
31.34	5
31.35	7
31.36	6
31.37	4
31.38	7
31.39	8
31.4	11
31.41	4
31.42	8
31.43	9
31.44	13
31.45	5
31.46	11
31.47	11
31.48	6
31.49	7
31.5	5
31.51	13
31.52	12
31.53	5
31.54	6
31.55	4
31.56	6
31.57	7
31.58	11
31.59	8
31.6	4
31.61	7
31.62	13
31.63	9
31.64	11
31.65	4
31.66	8
31.67	9
31.68	3
31.69	5
31.7	5
31.71	2
31.72	10
31.73	4
31.74	7
31.75	0
31.76	4
31.77	7
31.78	6
31.79	8
31.8	13
31.81	6
31.82	6
31.83	8
31.84	7
31.85	7
31.86	7
31.87	2
31.88	8
31.89	5
31.9	6
31.91	2
31.92	7
31.93	7
31.94	5
31.95	7
31.96	5
31.97	6
31.98	4
31.99	4
32	2
32.01	5
32.02	3
32.03	8
32.04	11
32.05	1
32.06	7
32.07	10
32.08	10
32.09	4
32.1	6
32.11	9
32.12	6
32.13	6
32.14	8
32.15	7
32.16	11
32.17	7
32.18	6
32.19	1
32.2	6
32.21	4
32.22	2
32.23	5
32.24	7
32.25	8
32.26	7
32.27	5
32.28	3
32.29	8
32.3	8
32.31	8
32.32	5
32.33	4
32.34	7
32.35	6
32.36	9
32.37	6
32.38	5
32.39	7
32.4	5
32.41	3
32.42	7
32.43	8
32.44	9
32.45	3
32.46	11
32.47	4
32.48	7
32.49	1
32.5	6
32.51	5
32.52	7
32.53	8
32.54	7
32.55	9
32.56	8
32.57	2
32.58	11
32.59	9
32.6	7
32.61	14
32.62	7
32.63	5
32.64	5
32.65	5
32.66	7
32.67	5
32.68	5
32.69	4
32.7	3
32.71	8
32.72	7
32.73	4
32.74	5
32.75	5
32.76	6
32.77	6
32.78	10
32.79	6
32.8	9
32.81	4
32.82	5
32.83	8
32.84	4
32.85	5
32.86	7
32.87	1
32.88	7
32.89	5
32.9	9
32.91	8
32.92	9
32.93	6
32.94	5
32.95	6
32.96	8
32.97	10
32.98	1
32.99	2
33	4
33.01	10
33.02	5
33.03	10
33.04	5
33.05	6
33.06	11
33.07	12
33.08	3
33.09	3
33.1	5
33.11	7
33.12	11
33.13	9
33.14	8
33.15	4
33.16	5
33.17	8
33.18	8
33.19	12
33.2	9
33.21	7
33.22	13
33.23	6
33.24	3
33.25	4
33.26	6
33.27	8
33.28	4
33.29	7
33.3	8
33.31	9
33.32	7
33.33	7
33.34	16
33.35	16
33.36	12
33.37	14
33.38	8
33.39	14
33.4	17
33.41	18
33.42	10
33.43	11
33.44	22
33.45	18
33.46	18
33.47	22
33.48	24
33.49	18
33.5	14
33.51	13
33.52	10
33.53	17
33.54	15
33.55	12
33.56	15
33.57	11
33.58	16
33.59	11
33.6	12
33.61	11
33.62	15
33.63	8
33.64	11
33.65	18
33.66	9
33.67	9
33.68	16
33.69	9
33.7	11
33.71	6
33.72	14
33.73	9
33.74	7
33.75	9
33.76	9
33.77	12
33.78	7
33.79	11
33.8	8
33.81	11
33.82	10
33.83	9
33.84	7
33.85	15
33.86	5
33.87	5
33.88	5
33.89	5
33.9	1
33.91	4
33.92	6
33.93	7
33.94	7
33.95	14
33.96	8
33.97	3
33.98	9
33.99	10
34	6
34.01	9
34.02	7
34.03	10
34.04	5
34.05	8
34.06	8
34.07	7
34.08	10
34.09	12
34.1	6
34.11	7
34.12	3
34.13	1
34.14	7
34.15	7
34.16	6
34.17	6
34.18	4
34.19	5
34.2	5
34.21	12
34.22	7
34.23	7
34.24	6
34.25	11
34.26	5
34.27	6
34.28	6
34.29	8
34.3	7
34.31	6
34.32	6
34.33	6
34.34	14
34.35	6
34.36	7
34.37	6
34.38	6
34.39	4
34.4	6
34.41	7
34.42	10
34.43	8
34.44	10
34.45	5
34.46	5
34.47	8
34.48	8
34.49	5
34.5	8
34.51	10
34.52	6
34.53	10
34.54	6
34.55	5
34.56	5
34.57	8
34.58	10
34.59	4
34.6	9
34.61	5
34.62	11
34.63	4
34.64	2
34.65	4
34.66	9
34.67	7
34.68	11
34.69	8
34.7	9
34.71	5
34.72	8
34.73	5
34.74	6
34.75	7
34.76	6
34.77	5
34.78	4
34.79	7
34.8	8
34.81	5
34.82	7
34.83	7
34.84	3
34.85	5
34.86	13
34.87	9
34.88	9
34.89	15
34.9	11
34.91	11
34.92	12
34.93	8
34.94	7
34.95	10
34.96	16
34.97	15
34.98	10
34.99	11
35	14
35.01	14
35.02	13
35.03	13
35.04	18
35.05	19
35.06	16
35.07	11
35.08	35
35.09	26
35.1	31
35.11	29
35.12	43
35.13	43
35.14	56
35.15	54
35.16	45
35.17	59
35.18	70
35.19	88
35.2	92
35.21	80
35.22	96
35.23	95
35.24	95
35.25	104
35.26	84
35.27	88
35.28	84
35.29	60
35.3	68
35.31	56
35.32	54
35.33	46
35.34	53
35.35	54
35.36	60
35.37	50
35.38	56
35.39	52
35.4	60
35.41	58
35.42	70
35.43	56
35.44	61
35.45	44
35.46	43
35.47	39
35.48	48
35.49	47
35.5	47
35.51	42
35.52	38
35.53	33
35.54	27
35.55	29
35.56	47
35.57	37
35.58	27
35.59	29
35.6	21
35.61	11
35.62	17
35.63	25
35.64	20
35.65	26
35.66	17
35.67	15
35.68	11
35.69	16
35.7	15
35.71	9
35.72	11
35.73	10
35.74	11
35.75	10
35.76	9
35.77	14
35.78	10
35.79	20
35.8	5
35.81	11
35.82	7
35.83	7
35.84	12
35.85	9
35.86	4
35.87	8
35.88	16
35.89	8
35.9	2
35.91	11
35.92	13
35.93	6
35.94	10
35.95	5
35.96	6
35.97	9
35.98	4
35.99	9
36	6
36.01	10
36.02	9
36.03	11
36.04	8
36.05	14
36.06	11
36.07	10
36.08	8
36.09	6
36.1	9
36.11	3
36.12	10
36.13	9
36.14	7
36.15	4
36.16	10
36.17	10
36.18	9
36.19	15
36.2	9
36.21	10
36.22	10
36.23	7
36.24	2
36.25	3
36.26	5
36.27	5
36.28	1
36.29	6
36.3	3
36.31	6
36.32	5
36.33	7
36.34	9
36.35	6
36.36	6
36.37	7
36.38	4
36.39	5
36.4	6
36.41	6
36.42	7
36.43	13
36.44	5
36.45	11
36.46	5
36.47	3
36.48	5
36.49	3
36.5	8
36.51	12
36.52	9
36.53	7
36.54	4
36.55	5
36.56	6
36.57	5
36.58	8
36.59	7
36.6	5
36.61	2
36.62	6
36.63	7
36.64	8
36.65	6
36.66	2
36.67	8
36.68	5
36.69	6
36.7	9
36.71	7
36.72	2
36.73	4
36.74	5
36.75	6
36.76	4
36.77	6
36.78	3
36.79	6
36.8	4
36.81	4
36.82	11
36.83	9
36.84	6
36.85	4
36.86	8
36.87	3
36.88	8
36.89	3
36.9	5
36.91	6
36.92	6
36.93	5
36.94	7
36.95	9
36.96	9
36.97	5
36.98	4
36.99	10
37	10
37.01	5
37.02	13
37.03	4
37.04	4
37.05	3
37.06	8
37.07	8
37.08	9
37.09	10
37.1	6
37.11	3
37.12	11
37.13	11
37.14	7
37.15	6
37.16	8
37.17	12
37.18	12
37.19	8
37.2	9
37.21	4
37.22	7
37.23	5
37.24	5
37.25	3
37.26	6
37.27	5
37.28	5
37.29	8
37.3	8
37.31	5
37.32	7
37.33	2
37.34	11
37.35	5
37.36	2
37.37	1
37.38	6
37.39	10
37.4	6
37.41	7
37.42	5
37.43	5
37.44	12
37.45	6
37.46	5
37.47	6
37.48	3
37.49	4
37.5	8
37.51	9
37.52	4
37.53	3
37.54	8
37.55	2
37.56	5
37.57	8
37.58	11
37.59	9
37.6	7
37.61	6
37.62	6
37.63	4
37.64	7
37.65	7
37.66	10
37.67	15
37.68	6
37.69	6
37.7	9
37.71	7
37.72	3
37.73	8
37.74	10
37.75	7
37.76	9
37.77	10
37.78	8
37.79	13
37.8	4
37.81	7
37.82	4
37.83	5
37.84	14
37.85	15
37.86	9
37.87	8
37.88	6
37.89	12
37.9	13
37.91	8
37.92	4
37.93	16
37.94	7
37.95	11
37.96	7
37.97	11
37.98	11
37.99	12
38	12
38.01	12
38.02	17
38.03	17
38.04	10
38.05	24
38.06	11
38.07	17
38.08	20
38.09	16
38.1	24
38.11	21
38.12	33
38.13	19
38.14	20
38.15	25
38.16	23
38.17	23
38.18	25
38.19	25
38.2	19
38.21	21
38.22	24
38.23	19
38.24	17
38.25	24
38.26	22
38.27	18
38.28	11
38.29	23
38.3	20
38.31	19
38.32	17
38.33	14
38.34	13
38.35	23
38.36	15
38.37	18
38.38	18
38.39	14
38.4	23
38.41	13
38.42	18
38.43	11
38.44	13
38.45	20
38.46	10
38.47	13
38.48	8
38.49	14
38.5	15
38.51	8
38.52	10
38.53	7
38.54	9
38.55	6
38.56	7
38.57	5
38.58	7
38.59	9
38.6	9
38.61	15
38.62	7
38.63	7
38.64	5
38.65	8
38.66	19
38.67	11
38.68	10
38.69	9
38.7	5
38.71	6
38.72	6
38.73	17
38.74	5
38.75	8
38.76	6
38.77	3
38.78	7
38.79	8
38.8	4
38.81	10
38.82	1
38.83	7
38.84	5
38.85	5
38.86	5
38.87	7
38.88	6
38.89	9
38.9	9
38.91	9
38.92	14
38.93	7
38.94	6
38.95	10
38.96	7
38.97	5
38.98	6
38.99	5
39	5
39.01	9
39.02	9
39.03	4
39.04	4
39.05	6
39.06	4
39.07	4
39.08	10
39.09	10
39.1	9
39.11	6
39.12	5
39.13	4
39.14	9
39.15	7
39.16	9
39.17	6
39.18	11
39.19	6
39.2	5
39.21	8
39.22	2
39.23	6
39.24	11
39.25	5
39.26	7
39.27	10
39.28	5
39.29	4
39.3	4
39.31	9
39.32	3
39.33	5
39.34	4
39.35	11
39.36	3
39.37	8
39.38	3
39.39	6
39.4	2
39.41	7
39.42	5
39.43	3
39.44	3
39.45	7
39.46	5
39.47	5
39.48	6
39.49	6
39.5	6
39.51	8
39.52	9
39.53	8
39.54	8
39.55	2
39.56	10
39.57	3
39.58	3
39.59	6
39.6	5
39.61	8
39.62	6
39.63	9
39.64	5
39.65	3
39.66	3
39.67	8
39.68	6
39.69	7
39.7	6
39.71	4
39.72	5
39.73	6
39.74	3
39.75	5
39.76	6
39.77	9
39.78	7
39.79	3
39.8	4
39.81	5
39.82	5
39.83	9
39.84	7
39.85	7
39.86	10
39.87	7
39.88	3
39.89	9
39.9	8
39.91	10
39.92	7
39.93	4
39.94	10
39.95	5
39.96	8
39.97	10
39.98	6
39.99	9
40	9
40.01	4
40.02	7
40.03	6
40.04	8
40.05	8
40.06	5
40.07	4
40.08	5
40.09	7
40.1	7
40.11	7
40.12	9
40.13	8
40.14	8
40.15	10
40.16	14
40.17	16
40.18	7
40.19	16
40.2	20
40.21	8
40.22	12
40.23	16
40.24	16
40.25	18
40.26	21
40.27	18
40.28	13
40.29	14
40.3	13
40.31	21
40.32	14
40.33	17
40.34	16
40.35	12
40.36	8
40.37	16
40.38	7
40.39	10
40.4	13
40.41	20
40.42	13
40.43	12
40.44	8
40.45	14
40.46	13
40.47	7
40.48	14
40.49	15
40.5	15
40.51	15
40.52	11
40.53	14
40.54	12
40.55	11
40.56	10
40.57	12
40.58	9
40.59	12
40.6	8
40.61	9
40.62	8
40.63	5
40.64	7
40.65	6
40.66	11
40.67	8
40.68	12
40.69	4
40.7	8
40.71	12
40.72	9
40.73	6
40.74	15
40.75	4
40.76	3
40.77	7
40.78	7
40.79	2
40.8	4
40.81	9
40.82	5
40.83	11
40.84	8
40.85	4
40.86	7
40.87	4
40.88	10
40.89	11
40.9	6
40.91	13
40.92	8
40.93	5
40.94	5
40.95	3
40.96	7
40.97	4
40.98	6
40.99	6
41	2
41.01	5
41.02	9
41.03	3
41.04	6
41.05	12
41.06	9
41.07	8
41.08	8
41.09	2
41.1	0
41.11	5
41.12	6
41.13	5
41.14	5
41.15	8
41.16	6
41.17	6
41.18	8
41.19	7
41.2	3
41.21	6
41.22	7
41.23	8
41.24	4
41.25	3
41.26	3
41.27	2
41.28	4
41.29	8
41.3	3
41.31	9
41.32	9
41.33	4
41.34	8
41.35	3
41.36	7
41.37	6
41.38	2
41.39	4
41.4	7
41.41	8
41.42	6
41.43	6
41.44	6
41.45	7
41.46	9
41.47	3
41.48	7
41.49	7
41.5	6
41.51	8
41.52	3
41.53	10
41.54	4
41.55	4
41.56	6
41.57	4
41.58	12
41.59	12
41.6	6
41.61	7
41.62	7
41.63	6
41.64	6
41.65	6
41.66	6
41.67	11
41.68	6
41.69	8
41.7	11
41.71	5
41.72	7
41.73	6
41.74	8
41.75	14
41.76	5
41.77	6
41.78	2
41.79	4
41.8	8
41.81	7
41.82	7
41.83	6
41.84	10
41.85	10
41.86	5
41.87	7
41.88	5
41.89	7
41.9	7
41.91	4
41.92	7
41.93	2
41.94	8
41.95	9
41.96	4
41.97	11
41.98	12
41.99	6
42	9
42.01	5
42.02	2
42.03	5
42.04	11
42.05	4
42.06	10
42.07	1
42.08	4
42.09	7
42.1	8
42.11	7
42.12	11
42.13	5
42.14	9
42.15	7
42.16	5
42.17	4
42.18	5
42.19	7
42.2	4
42.21	6
42.22	10
42.23	6
42.24	8
42.25	8
42.26	3
42.27	6
42.28	12
42.29	7
42.3	8
42.31	2
42.32	5
42.33	2
42.34	6
42.35	9
42.36	7
42.37	11
42.38	1
42.39	12
42.4	8
42.41	9
42.42	8
42.43	4
42.44	9
42.45	8
42.46	5
42.47	7
42.48	7
42.49	6
42.5	9
42.51	11
42.52	6
42.53	6
42.54	7
42.55	10
42.56	4
42.57	5
42.58	9
42.59	7
42.6	7
42.61	8
42.62	9
42.63	5
42.64	7
42.65	9
42.66	12
42.67	9
42.68	6
42.69	4
42.7	8
42.71	13
42.72	8
42.73	7
42.74	3
42.75	2
42.76	13
42.77	7
42.78	8
42.79	6
42.8	5
42.81	7
42.82	7
42.83	11
42.84	7
42.85	10
42.86	9
42.87	7
42.88	8
42.89	11
42.9	7
42.91	11
42.92	7
42.93	4
42.94	10
42.95	7
42.96	8
42.97	6
42.98	9
42.99	6
43	6
43.01	13
43.02	4
43.03	12
43.04	10
43.05	2
43.06	13
43.07	9
43.08	7
43.09	12
43.1	12
43.11	11
43.12	7
43.13	12
43.14	13
43.15	10
43.16	7
43.17	8
43.18	9
43.19	9
43.2	20
43.21	10
43.22	15
43.23	15
43.24	27
43.25	14
43.26	21
43.27	19
43.28	24
43.29	32
43.3	20
43.31	27
43.32	34
43.33	34
43.34	31
43.35	42
43.36	55
43.37	55
43.38	42
43.39	41
43.4	30
43.41	40
43.42	31
43.43	35
43.44	38
43.45	30
43.46	22
43.47	17
43.48	27
43.49	17
43.5	22
43.51	24
43.52	22
43.53	27
43.54	23
43.55	12
43.56	29
43.57	28
43.58	26
43.59	18
43.6	27
43.61	31
43.62	31
43.63	31
43.64	24
43.65	28
43.66	24
43.67	25
43.68	24
43.69	16
43.7	20
43.71	12
43.72	19
43.73	16
43.74	20
43.75	25
43.76	19
43.77	12
43.78	9
43.79	15
43.8	15
43.81	8
43.82	21
43.83	8
43.84	12
43.85	6
43.86	6
43.87	9
43.88	8
43.89	17
43.9	14
43.91	8
43.92	6
43.93	14
43.94	8
43.95	9
43.96	12
43.97	10
43.98	7
43.99	11
44	6
44.01	9
44.02	7
44.03	10
44.04	12
44.05	5
44.06	3
44.07	11
44.08	4
44.09	3
44.1	6
44.11	9
44.12	6
44.13	14
44.14	5
44.15	8
44.16	11
44.17	4
44.18	6
44.19	4
44.2	4
44.21	6
44.22	5
44.23	5
44.24	7
44.25	3
44.26	7
44.27	5
44.28	6
44.29	3
44.3	8
44.31	8
44.32	9
44.33	10
44.34	1
44.35	6
44.36	3
44.37	3
44.38	6
44.39	14
44.4	4
44.41	2
44.42	9
44.43	6
44.44	9
44.45	3
44.46	10
44.47	6
44.48	10
44.49	10
44.5	9
44.51	6
44.52	7
44.53	10
44.54	9
44.55	0
44.56	5
44.57	10
44.58	10
44.59	5
44.6	6
44.61	10
44.62	4
44.63	7
44.64	11
44.65	10
44.66	10
44.67	7
44.68	6
44.69	4
44.7	9
44.71	6
44.72	14
44.73	5
44.74	5
44.75	9
44.76	6
44.77	8
44.78	5
44.79	5
44.8	8
44.81	7
44.82	5
44.83	5
44.84	2
44.85	12
44.86	7
44.87	1
44.88	3
44.89	10
44.9	7
44.91	8
44.92	9
44.93	7
44.94	6
44.95	6
44.96	5
44.97	9
44.98	7
44.99	7
45	2
45.01	10
45.02	12
45.03	7
45.04	6
45.05	2
45.06	8
45.07	2
45.08	2
45.09	4
45.1	9
45.11	3
45.12	6
45.13	7
45.14	9
45.15	5
45.16	5
45.17	6
45.18	4
45.19	4
45.2	6
45.21	7
45.22	4
45.23	6
45.24	11
45.25	7
45.26	7
45.27	7
45.28	9
45.29	5
45.3	11
45.31	6
45.32	10
45.33	6
45.34	2
45.35	12
45.36	8
45.37	4
45.38	7
45.39	11
45.4	7
45.41	7
45.42	9
45.43	8
45.44	9
45.45	8
45.46	6
45.47	5
45.48	10
45.49	7
45.5	8
45.51	7
45.52	7
45.53	8
45.54	9
45.55	5
45.56	6
45.57	6
45.58	8
45.59	7
45.6	10
45.61	9
45.62	6
45.63	7
45.64	6
45.65	7
45.66	4
45.67	3
45.68	9
45.69	9
45.7	3
45.71	8
45.72	8
45.73	13
45.74	10
45.75	6
45.76	6
45.77	7
45.78	5
45.79	7
45.8	3
45.81	5
45.82	10
45.83	8
45.84	8
45.85	7
45.86	7
45.87	9
45.88	6
45.89	4
45.9	4
45.91	11
45.92	7
45.93	8
45.94	3
45.95	6
45.96	2
45.97	6
45.98	5
45.99	8
46	4
46.01	7
46.02	11
46.03	4
46.04	11
46.05	6
46.06	7
46.07	7
46.08	8
46.09	6
46.1	8
46.11	5
46.12	6
46.13	5
46.14	7
46.15	3
46.16	8
46.17	3
46.18	4
46.19	14
46.2	8
46.21	6
46.22	8
46.23	7
46.24	7
46.25	8
46.26	5
46.27	6
46.28	6
46.29	5
46.3	11
46.31	14
46.32	3
46.33	11
46.34	8
46.35	3
46.36	6
46.37	9
46.38	6
46.39	2
46.4	6
46.41	10
46.42	5
46.43	6
46.44	10
46.45	3
46.46	5
46.47	11
46.48	6
46.49	10
46.5	9
46.51	5
46.52	5
46.53	15
46.54	5
46.55	9
46.56	5
46.57	12
46.58	2
46.59	8
46.6	11
46.61	7
46.62	2
46.63	4
46.64	10
46.65	9
46.66	11
46.67	10
46.68	8
46.69	7
46.7	9
46.71	6
46.72	9
46.73	5
46.74	6
46.75	7
46.76	7
46.77	3
46.78	19
46.79	8
46.8	6
46.81	7
46.82	8
46.83	10
46.84	12
46.85	7
46.86	7
46.87	11
46.88	16
46.89	9
46.9	6
46.91	9
46.92	7
46.93	11
46.94	9
46.95	14
46.96	14
46.97	9
46.98	12
46.99	14
47	16
47.01	11
47.02	8
47.03	19
47.04	24
47.05	7
47.06	14
47.07	24
47.08	17
47.09	21
47.1	35
47.11	19
47.12	22
47.13	23
47.14	18
47.15	17
47.16	20
47.17	20
47.18	21
47.19	21
47.2	26
47.21	22
47.22	22
47.23	19
47.24	20
47.25	13
47.26	18
47.27	14
47.28	18
47.29	15
47.3	18
47.31	14
47.32	15
47.33	13
47.34	14
47.35	20
47.36	14
47.37	10
47.38	19
47.39	14
47.4	18
47.41	15
47.42	16
47.43	16
47.44	13
47.45	12
47.46	18
47.47	11
47.48	13
47.49	21
47.5	10
47.51	12
47.52	10
47.53	9
47.54	11
47.55	8
47.56	10
47.57	9
47.58	8
47.59	14
47.6	8
47.61	8
47.62	12
47.63	11
47.64	9
47.65	11
47.66	6
47.67	8
47.68	4
47.69	8
47.7	8
47.71	7
47.72	5
47.73	6
47.74	10
47.75	10
47.76	5
47.77	6
47.78	5
47.79	14
47.8	4
47.81	7
47.82	5
47.83	6
47.84	6
47.85	9
47.86	5
47.87	8
47.88	7
47.89	9
47.9	8
47.91	2
47.92	8
47.93	10
47.94	5
47.95	11
47.96	4
47.97	5
47.98	8
47.99	8
48	2
48.01	8
48.02	8
48.03	7
48.04	7
48.05	6
48.06	3
48.07	6
48.08	2
48.09	13
48.1	13
48.11	2
48.12	7
48.13	5
48.14	8
48.15	11
48.16	4
48.17	5
48.18	8
48.19	2
48.2	7
48.21	6
48.22	3
48.23	6
48.24	12
48.25	4
48.26	6
48.27	7
48.28	11
48.29	5
48.3	8
48.31	6
48.32	6
48.33	5
48.34	4
48.35	6
48.36	7
48.37	5
48.38	6
48.39	7
48.4	6
48.41	4
48.42	9
48.43	4
48.44	4
48.45	11
48.46	9
48.47	12
48.48	3
48.49	6
48.5	5
48.51	4
48.52	8
48.53	9
48.54	1
48.55	9
48.56	4
48.57	9
48.58	11
48.59	7
48.6	6
48.61	6
48.62	7
48.63	9
48.64	3
48.65	6
48.66	3
48.67	4
48.68	5
48.69	7
48.7	5
48.71	7
48.72	3
48.73	13
48.74	5
48.75	8
48.76	6
48.77	6
48.78	4
48.79	7
48.8	6
48.81	8
48.82	6
48.83	7
48.84	7
48.85	6
48.86	9
48.87	6
48.88	6
48.89	4
48.9	4
48.91	6
48.92	6
48.93	8
48.94	4
48.95	9
48.96	5
48.97	7
48.98	6
48.99	2
49	3
49.01	3
49.02	3
49.03	3
49.04	6
49.05	6
49.06	3
49.07	6
49.08	4
49.09	2
49.1	5
49.11	9
49.12	10
49.13	10
49.14	9
49.15	7
49.16	12
49.17	7
49.18	4
49.19	5
49.2	6
49.21	7
49.22	8
49.23	2
49.24	5
49.25	5
49.26	5
49.27	7
49.28	10
49.29	6
49.3	2
49.31	6
49.32	7
49.33	9
49.34	8
49.35	7
49.36	5
49.37	5
49.38	2
49.39	6
49.4	7
49.41	6
49.42	5
49.43	9
49.44	3
49.45	7
49.46	8
49.47	8
49.48	6
49.49	5
49.5	5
49.51	5
49.52	6
49.53	5
49.54	7
49.55	4
49.56	7
49.57	5
49.58	9
49.59	6
49.6	8
49.61	12
49.62	6
49.63	4
49.64	4
49.65	6
49.66	4
49.67	11
49.68	11
49.69	8
49.7	7
49.71	5
49.72	8
49.73	7
49.74	6
49.75	3
49.76	7
49.77	8
49.78	7
49.79	7
49.8	6
49.81	7
49.82	5
49.83	5
49.84	7
49.85	4
49.86	5
49.87	6
49.88	5
49.89	8
49.9	9
49.91	6
49.92	3
49.93	5
49.94	6
49.95	8
49.96	6
49.97	3
49.98	6
49.99	5
50	6
50.01	3
50.02	4
50.03	5
50.04	4
50.05	8
50.06	5
50.07	6
50.08	3
50.09	3
50.1	8
50.11	5
50.12	10
50.13	3
50.14	11
50.15	3
50.16	3
50.17	4
50.18	2
50.19	6
50.2	6
50.21	5
50.22	8
50.23	7
50.24	6
50.25	2
50.26	6
50.27	4
50.28	6
50.29	5
50.3	5
50.31	3
50.32	9
50.33	6
50.34	9
50.35	7
50.36	5
50.37	9
50.38	3
50.39	4
50.4	9
50.41	7
50.42	8
50.43	8
50.44	11
50.45	2
50.46	5
50.47	6
50.48	2
50.49	4
50.5	9
50.51	4
50.52	8
50.53	4
50.54	4
50.55	6
50.56	3
50.57	6
50.58	10
50.59	3
50.6	7
50.61	10
50.62	1
50.63	5
50.64	6
50.65	6
50.66	6
50.67	4
50.68	8
50.69	3
50.7	8
50.71	10
50.72	6
50.73	3
50.74	0
50.75	5
50.76	3
50.77	7
50.78	8
50.79	4
50.8	6
50.81	5
50.82	5
50.83	6
50.84	8
50.85	3
50.86	8
50.87	5
50.88	3
50.89	7
50.9	8
50.91	5
50.92	9
50.93	9
50.94	7
50.95	6
50.96	10
50.97	8
50.98	5
50.99	7
51	5
51.01	7
51.02	1
51.03	7
51.04	11
51.05	8
51.06	6
51.07	2
51.08	7
51.09	10
51.1	6
51.11	8
51.12	7
51.13	5
51.14	9
51.15	6
51.16	5
51.17	2
51.18	5
51.19	6
51.2	10
51.21	6
51.22	4
51.23	9
51.24	5
51.25	9
51.26	9
51.27	3
51.28	6
51.29	7
51.3	6
51.31	10
51.32	6
51.33	10
51.34	8
51.35	10
51.36	12
51.37	6
51.38	11
51.39	6
51.4	7
51.41	8
51.42	15
51.43	8
51.44	8
51.45	12
51.46	13
51.47	9
51.48	8
51.49	5
51.5	12
51.51	11
51.52	15
51.53	11
51.54	11
51.55	10
51.56	12
51.57	15
51.58	16
51.59	9
51.6	14
51.61	15
51.62	19
51.63	12
51.64	18
51.65	17
51.66	13
51.67	20
51.68	23
51.69	11
51.7	24
51.71	24
51.72	19
51.73	17
51.74	26
51.75	15
51.76	18
51.77	20
51.78	18
51.79	21
51.8	19
51.81	17
51.82	14
51.83	20
51.84	16
51.85	16
51.86	16
51.87	11
51.88	22
51.89	16
51.9	16
51.91	9
51.92	14
51.93	11
51.94	17
51.95	19
51.96	13
51.97	15
51.98	16
51.99	16
52	15
52.01	25
52.02	21
52.03	19
52.04	22
52.05	22
52.06	17
52.07	21
52.08	16
52.09	12
52.1	13
52.11	16
52.12	15
52.13	11
52.14	11
52.15	13
52.16	9
52.17	15
52.18	11
52.19	14
52.2	13
52.21	9
52.22	7
52.23	9
52.24	14
52.25	15
52.26	17
52.27	12
52.28	14
52.29	12
52.3	9
52.31	10
52.32	6
52.33	4
52.34	10
52.35	11
52.36	15
52.37	18
52.38	4
52.39	14
52.4	6
52.41	16
52.42	11
52.43	9
52.44	10
52.45	8
52.46	12
52.47	8
52.48	10
52.49	10
52.5	12
52.51	15
52.52	9
52.53	19
52.54	15
52.55	13
52.56	11
52.57	13
52.58	16
52.59	12
52.6	10
52.61	8
52.62	15
52.63	14
52.64	10
52.65	14
52.66	10
52.67	12
52.68	18
52.69	19
52.7	20
52.71	17
52.72	12
52.73	13
52.74	15
52.75	12
52.76	17
52.77	21
52.78	25
52.79	17
52.8	16
52.81	21
52.82	15
52.83	31
52.84	32
52.85	37
52.86	40
52.87	33
52.88	42
52.89	42
52.9	42
52.91	51
52.92	52
52.93	50
52.94	69
52.95	66
52.96	69
52.97	78
52.98	62
52.99	77
53	82
53.01	83
53.02	82
53.03	72
53.04	59
53.05	60
53.06	55
53.07	52
53.08	53
53.09	45
53.1	48
53.11	41
53.12	54
53.13	39
53.14	36
53.15	39
53.16	29
53.17	40
53.18	36
53.19	41
53.2	35
53.21	47
53.22	36
53.23	42
53.24	39
53.25	52
53.26	51
53.27	51
53.28	43
53.29	58
53.3	45
53.31	45
53.32	44
53.33	45
53.34	59
53.35	40
53.36	44
53.37	44
53.38	28
53.39	42
53.4	28
53.41	40
53.42	33
53.43	29
53.44	27
53.45	23
53.46	26
53.47	35
53.48	16
53.49	28
53.5	29
53.51	26
53.52	18
53.53	20
53.54	17
53.55	19
53.56	15
53.57	23
53.58	13
53.59	11
53.6	18
53.61	7
53.62	20
53.63	9
53.64	18
53.65	14
53.66	12
53.67	12
53.68	15
53.69	9
53.7	5
53.71	9
53.72	11
53.73	11
53.74	7
53.75	12
53.76	11
53.77	8
53.78	15
53.79	18
53.8	8
53.81	8
53.82	9
53.83	9
53.84	12
53.85	17
53.86	8
53.87	9
53.88	11
53.89	8
53.9	11
53.91	9
53.92	9
53.93	2
53.94	5
53.95	9
53.96	13
53.97	13
53.98	7
53.99	8
54	7
54.01	7
54.02	6
54.03	5
54.04	9
54.05	10
54.06	7
54.07	7
54.08	6
54.09	7
54.1	3
54.11	5
54.12	9
54.13	6
54.14	9
54.15	9
54.16	9
54.17	4
54.18	7
54.19	4
54.2	10
54.21	14
54.22	10
54.23	6
54.24	10
54.25	3
54.26	7
54.27	6
54.28	4
54.29	5
54.3	9
54.31	8
54.32	7
54.33	10
54.34	8
54.35	8
54.36	6
54.37	8
54.38	8
54.39	10
54.4	10
54.41	2
54.42	8
54.43	7
54.44	8
54.45	4
54.46	5
54.47	11
54.48	10
54.49	11
54.5	5
54.51	6
54.52	5
54.53	3
54.54	8
54.55	11
54.56	6
54.57	7
54.58	8
54.59	11
54.6	6
54.61	10
54.62	4
54.63	2
54.64	5
54.65	11
54.66	5
54.67	12
54.68	10
54.69	14
54.7	8
54.71	10
54.72	11
54.73	6
54.74	6
54.75	7
54.76	6
54.77	8
54.78	8
54.79	5
54.8	11
54.81	10
54.82	9
54.83	6
54.84	7
54.85	14
54.86	10
54.87	14
54.88	9
54.89	8
54.9	9
54.91	9
54.92	6
54.93	13
54.94	10
54.95	10
54.96	15
54.97	6
54.98	12
54.99	10
55	13
55.01	9
55.02	12
55.03	21
55.04	12
55.05	26
55.06	19
55.07	22
55.08	22
55.09	28
55.1	24
55.11	18
55.12	24
55.13	24
55.14	26
55.15	34
55.16	25
55.17	24
55.18	34
55.19	36
55.2	23
55.21	23
55.22	21
55.23	20
55.24	18
55.25	19
55.26	27
55.27	19
55.28	18
55.29	19
55.3	21
55.31	20
55.32	20
55.33	12
55.34	10
55.35	13
55.36	25
55.37	14
55.38	20
55.39	22
55.4	19
55.41	15
55.42	18
55.43	33
55.44	17
55.45	25
55.46	21
55.47	21
55.48	25
55.49	18
55.5	26
55.51	13
55.52	23
55.53	26
55.54	19
55.55	11
55.56	13
55.57	17
55.58	15
55.59	13
55.6	14
55.61	22
55.62	16
55.63	13
55.64	14
55.65	13
55.66	12
55.67	11
55.68	10
55.69	16
55.7	6
55.71	8
55.72	14
55.73	10
55.74	10
55.75	10
55.76	11
55.77	8
55.78	4
55.79	6
55.8	9
55.81	12
55.82	2
55.83	9
55.84	4
55.85	6
55.86	6
55.87	8
55.88	8
55.89	4
55.9	3
55.91	9
55.92	9
55.93	5
55.94	11
55.95	8
55.96	7
55.97	3
55.98	6
55.99	5
56	4
56.01	6
56.02	8
56.03	6
56.04	9
56.05	11
56.06	7
56.07	5
56.08	9
56.09	8
56.1	3
56.11	8
56.12	7
56.13	4
56.14	4
56.15	5
56.16	4
56.17	5
56.18	7
56.19	10
56.2	8
56.21	9
56.22	8
56.23	9
56.24	7
56.25	5
56.26	8
56.27	7
56.28	7
56.29	11
56.3	5
56.31	8
56.32	3
56.33	5
56.34	6
56.35	4
56.36	5
56.37	7
56.38	6
56.39	5
56.4	12
56.41	5
56.42	8
56.43	5
56.44	4
56.45	7
56.46	7
56.47	5
56.48	3
56.49	8
56.5	6
56.51	6
56.52	3
56.53	8
56.54	3
56.55	8
56.56	9
56.57	7
56.58	5
56.59	8
56.6	5
56.61	7
56.62	6
56.63	6
56.64	7
56.65	8
56.66	5
56.67	10
56.68	3
56.69	5
56.7	4
56.71	6
56.72	5
56.73	6
56.74	5
56.75	11
56.76	4
56.77	6
56.78	3
56.79	4
56.8	6
56.81	10
56.82	3
56.83	3
56.84	3
56.85	3
56.86	11
56.87	5
56.88	9
56.89	5
56.9	9
56.91	8
56.92	2
56.93	9
56.94	7
56.95	5
56.96	8
56.97	6
56.98	7
56.99	6
57	6
57.01	6
57.02	5
57.03	6
57.04	5
57.05	7
57.06	3
57.07	7
57.08	9
57.09	8
57.1	10
57.11	4
57.12	4
57.13	7
57.14	6
57.15	3
57.16	5
57.17	7
57.18	8
57.19	6
57.2	5
57.21	7
57.22	4
57.23	3
57.24	6
57.25	5
57.26	6
57.27	2
57.28	6
57.29	9
57.3	9
57.31	7
57.32	3
57.33	5
57.34	10
57.35	4
57.36	4
57.37	3
57.38	5
57.39	7
57.4	3
57.41	5
57.42	3
57.43	8
57.44	3
57.45	3
57.46	4
57.47	10
57.48	6
57.49	5
57.5	6
57.51	6
57.52	5
57.53	4
57.54	6
57.55	7
57.56	9
57.57	7
57.58	4
57.59	4
57.6	7
57.61	7
57.62	8
57.63	3
57.64	6
57.65	4
57.66	9
57.67	12
57.68	7
57.69	8
57.7	5
57.71	2
57.72	6
57.73	3
57.74	9
57.75	7
57.76	6
57.77	3
57.78	6
57.79	4
57.8	4
57.81	4
57.82	10
57.83	8
57.84	9
57.85	6
57.86	4
57.87	7
57.88	5
57.89	8
57.9	5
57.91	7
57.92	10
57.93	4
57.94	5
57.95	3
57.96	8
57.97	3
57.98	3
57.99	1
58	7
58.01	12
58.02	11
58.03	12
58.04	7
58.05	8
58.06	4
58.07	5
58.08	9
58.09	5
58.1	7
58.11	8
58.12	5
58.13	3
58.14	4
58.15	11
58.16	8
58.17	2
58.18	2
58.19	6
58.2	11
58.21	8
58.22	3
58.23	3
58.24	6
58.25	8
58.26	6
58.27	7
58.28	9
58.29	6
58.3	5
58.31	5
58.32	5
58.33	5
58.34	9
58.35	10
58.36	5
58.37	6
58.38	8
58.39	9
58.4	4
58.41	6
58.42	5
58.43	8
58.44	2
58.45	6
58.46	5
58.47	3
58.48	5
58.49	3
58.5	6
58.51	9
58.52	6
58.53	4
58.54	3
58.55	6
58.56	8
58.57	9
58.58	9
58.59	9
58.6	6
58.61	6
58.62	6
58.63	4
58.64	4
58.65	5
58.66	6
58.67	6
58.68	5
58.69	8
58.7	4
58.71	11
58.72	8
58.73	3
58.74	6
58.75	4
58.76	12
58.77	9
58.78	6
58.79	7
58.8	3
58.81	10
58.82	3
58.83	4
58.84	8
58.85	8
58.86	3
58.87	3
58.88	5
58.89	9
58.9	5
58.91	7
58.92	9
58.93	5
58.94	10
58.95	8
58.96	8
58.97	5
58.98	10
58.99	5
59	4
59.01	7
59.02	7
59.03	11
59.04	4
59.05	5
59.06	6
59.07	5
59.08	5
59.09	13
59.1	10
59.11	6
59.12	4
59.13	4
59.14	18
59.15	9
59.16	8
59.17	10
59.18	9
59.19	8
59.2	6
59.21	11
59.22	9
59.23	7
59.24	6
59.25	8
59.26	9
59.27	5
59.28	8
59.29	4
59.3	8
59.31	9
59.32	9
59.33	8
59.34	11
59.35	8
59.36	5
59.37	8
59.38	7
59.39	9
59.4	10
59.41	8
59.42	12
59.43	10
59.44	12
59.45	5
59.46	12
59.47	10
59.48	14
59.49	10
59.5	8
59.51	4
59.52	6
59.53	11
59.54	8
59.55	7
59.56	10
59.57	5
59.58	5
59.59	7
59.6	2
59.61	13
59.62	5
59.63	7
59.64	5
59.65	6
59.66	4
59.67	8
59.68	6
59.69	9
59.7	11
59.71	8
59.72	8
59.73	9
59.74	9
59.75	6
59.76	7
59.77	7
59.78	10
59.79	6
59.8	4
59.81	5
59.82	8
59.83	6
59.84	6
59.85	9
59.86	6
59.87	7
59.88	8
59.89	7
59.9	6
59.91	4
59.92	7
59.93	8
59.94	12
59.95	11
59.96	10
59.97	2
59.98	6
59.99	5
60	7
60.01	5
60.02	6
60.03	3
60.04	9
60.05	1
60.06	11
60.07	7
60.08	5
60.09	5
60.1	5
60.11	6
60.12	10
60.13	12
60.14	7
60.15	4
60.16	8
60.17	8
60.18	6
60.19	7
60.2	8
60.21	5
60.22	6
60.23	6
60.24	8
60.25	6
60.26	7
60.27	3
60.28	7
60.29	6
60.3	3
60.31	5
60.32	3
60.33	6
60.34	3
60.35	5
60.36	7
60.37	10
60.38	6
60.39	9
60.4	9
60.41	4
60.42	9
60.43	8
60.44	5
60.45	4
60.46	7
60.47	4
60.48	8
60.49	9
60.5	9
60.51	5
60.52	7
60.53	8
60.54	8
60.55	2
60.56	5
60.57	8
60.58	4
60.59	2
60.6	8
60.61	5
60.62	5
60.63	4
60.64	11
60.65	12
60.66	7
60.67	5
60.68	9
60.69	7
60.7	5
60.71	5
60.72	4
60.73	8
60.74	7
60.75	7
60.76	10
60.77	7
60.78	4
60.79	15
60.8	12
60.81	7
60.82	4
60.83	5
60.84	4
60.85	7
60.86	2
60.87	4
60.88	5
60.89	11
60.9	6
60.91	3
60.92	7
60.93	3
60.94	6
60.95	9
60.96	7
60.97	6
60.98	7
60.99	11
61	3
61.01	7
61.02	7
61.03	5
61.04	8
61.05	9
61.06	6
61.07	6
61.08	6
61.09	6
61.1	7
61.11	3
61.12	5
61.13	7
61.14	4
61.15	4
61.16	7
61.17	5
61.18	8
61.19	7
61.2	3
61.21	6
61.22	8
61.23	6
61.24	8
61.25	7
61.26	4
61.27	6
61.28	9
61.29	4
61.3	5
61.31	14
61.32	5
61.33	9
61.34	7
61.35	9
61.36	10
61.37	6
61.38	11
61.39	3
61.4	6
61.41	12
61.42	10
61.43	7
61.44	9
61.45	6
61.46	9
61.47	14
61.48	11
61.49	8
61.5	8
61.51	9
61.52	11
61.53	3
61.54	9
61.55	6
61.56	7
61.57	8
61.58	8
61.59	6
61.6	9
61.61	8
61.62	10
61.63	7
61.64	8
61.65	4
61.66	2
61.67	9
61.68	11
61.69	3
61.7	13
61.71	11
61.72	5
61.73	5
61.74	8
61.75	5
61.76	6
61.77	10
61.78	7
61.79	7
61.8	4
61.81	9
61.82	8
61.83	2
61.84	12
61.85	9
61.86	2
61.87	11
61.88	8
61.89	16
61.9	7
61.91	9
61.92	11
61.93	12
61.94	5
61.95	11
61.96	11
61.97	5
61.98	8
61.99	11
62	18
62.01	9
62.02	4
62.03	10
62.04	9
62.05	6
62.06	11
62.07	11
62.08	8
62.09	12
62.1	13
62.11	5
62.12	6
62.13	9
62.14	9
62.15	11
62.16	11
62.17	13
62.18	11
62.19	14
62.2	11
62.21	16
62.22	12
62.23	13
62.24	15
62.25	13
62.26	17
62.27	17
62.28	26
62.29	13
62.3	24
62.31	15
62.32	17
62.33	15
62.34	11
62.35	20
62.36	22
62.37	28
62.38	16
62.39	18
62.4	20
62.41	13
62.42	30
62.43	14
62.44	16
62.45	22
62.46	15
62.47	20
62.48	22
62.49	19
62.5	10
62.51	14
62.52	12
62.53	14
62.54	18
62.55	14
62.56	11
62.57	9
62.58	17
62.59	15
62.6	12
62.61	14
62.62	10
62.63	10
62.64	20
62.65	17
62.66	14
62.67	20
62.68	23
62.69	18
62.7	19
62.71	19
62.72	15
62.73	14
62.74	19
62.75	15
62.76	8
62.77	7
62.78	9
62.79	7
62.8	13
62.81	20
62.82	17
62.83	16
62.84	13
62.85	13
62.86	6
62.87	8
62.88	16
62.89	10
62.9	14
62.91	11
62.92	13
62.93	7
62.94	7
62.95	12
62.96	13
62.97	14
62.98	13
62.99	6
63	10
63.01	8
63.02	4
63.03	12
63.04	8
63.05	6
63.06	13
63.07	10
63.08	8
63.09	9
63.1	4
63.11	4
63.12	6
63.13	6
63.14	11
63.15	9
63.16	6
63.17	4
63.18	4
63.19	3
63.2	12
63.21	7
63.22	3
63.23	10
63.24	6
63.25	3
63.26	7
63.27	10
63.28	5
63.29	5
63.3	3
63.31	6
63.32	8
63.33	3
63.34	8
63.35	5
63.36	4
63.37	6
63.38	3
63.39	8
63.4	8
63.41	7
63.42	5
63.43	5
63.44	9
63.45	4
63.46	7
63.47	8
63.48	8
63.49	7
63.5	3
63.51	4
63.52	8
63.53	9
63.54	5
63.55	6
63.56	4
63.57	3
63.58	6
63.59	8
63.6	5
63.61	4
63.62	9
63.63	8
63.64	3
63.65	5
63.66	7
63.67	4
63.68	6
63.69	6
63.7	6
63.71	6
63.72	10
63.73	10
63.74	12
63.75	6
63.76	5
63.77	6
63.78	7
63.79	8
63.8	11
63.81	6
63.82	4
63.83	10
63.84	5
63.85	12
63.86	3
63.87	10
63.88	5
63.89	8
63.9	6
63.91	3
63.92	8
63.93	7
63.94	10
63.95	6
63.96	11
63.97	12
63.98	4
63.99	5
64	9
64.01	5
64.02	6
64.03	3
64.04	6
64.05	6
64.06	3
64.07	2
64.08	9
64.09	11
64.1	5
64.11	4
64.12	6
64.13	7
64.14	6
64.15	4
64.16	4
64.17	4
64.18	4
64.19	6
64.2	10
64.21	4
64.22	5
64.23	7
64.24	7
64.25	14
64.26	3
64.27	4
64.28	8
64.29	9
64.3	2
64.31	12
64.32	2
64.33	3
64.34	6
64.35	3
64.36	6
64.37	7
64.38	6
64.39	9
64.4	11
64.41	10
64.42	6
64.43	6
64.44	5
64.45	4
64.46	6
64.47	4
64.48	7
64.49	3
64.5	10
64.51	11
64.52	11
64.53	7
64.54	8
64.55	3
64.56	6
64.57	11
64.58	3
64.59	9
64.6	8
64.61	3
64.62	11
64.63	9
64.64	10
64.65	9
64.66	9
64.67	10
64.68	6
64.69	8
64.7	6
64.71	6
64.72	7
64.73	2
64.74	7
64.75	5
64.76	5
64.77	6
64.78	3
64.79	10
64.8	5
64.81	6
64.82	2
64.83	5
64.84	5
64.85	4
64.86	10
64.87	4
64.88	5
64.89	8
64.9	4
64.91	6
64.92	7
64.93	3
64.94	8
64.95	11
64.96	9
64.97	8
64.98	10
64.99	7
65	2
65.01	6
65.02	7
65.03	5
65.04	6
65.05	8
65.06	4
65.07	9
65.08	7
65.09	8
65.1	13
65.11	9
65.12	2
65.13	5
65.14	7
65.15	2
65.16	3
65.17	8
65.18	7
65.19	7
65.2	7
65.21	6
65.22	4
65.23	6
65.24	8
65.25	5
65.26	6
65.27	5
65.28	8
65.29	7
65.3	10
65.31	6
65.32	8
65.33	8
65.34	4
65.35	5
65.36	8
65.37	8
65.38	4
65.39	5
65.4	3
65.41	6
65.42	13
65.43	7
65.44	2
65.45	7
65.46	6
65.47	6
65.48	1
65.49	6
65.5	5
65.51	5
65.52	1
65.53	5
65.54	6
65.55	5
65.56	7
65.57	6
65.58	6
65.59	12
65.6	6
65.61	5
65.62	4
65.63	8
65.64	6
65.65	3
65.66	8
65.67	7
65.68	4
65.69	7
65.7	7
65.71	2
65.72	5
65.73	7
65.74	8
65.75	8
65.76	10
65.77	6
65.78	5
65.79	9
65.8	5
65.81	7
65.82	11
65.83	8
65.84	4
65.85	8
65.86	5
65.87	8
65.88	10
65.89	8
65.9	9
65.91	8
65.92	9
65.93	6
65.94	6
65.95	10
65.96	16
65.97	3
65.98	8
65.99	1
66	8
66.01	11
66.02	3
66.03	7
66.04	6
66.05	4
66.06	5
66.07	9
66.08	3
66.09	7
66.1	5
66.11	4
66.12	11
66.13	5
66.14	10
66.15	6
66.16	7
66.17	7
66.18	9
66.19	10
66.2	11
66.21	7
66.22	10
66.23	12
66.24	12
66.25	3
66.26	5
66.27	3
66.28	5
66.29	5
66.3	5
66.31	7
66.32	7
66.33	4
66.34	6
66.35	7
66.36	7
66.37	13
66.38	5
66.39	7
66.4	7
66.41	6
66.42	6
66.43	7
66.44	9
66.45	3
66.46	8
66.47	11
66.48	4
66.49	10
66.5	9
66.51	5
66.52	3
66.53	7
66.54	5
66.55	5
66.56	11
66.57	8
66.58	7
66.59	6
66.6	9
66.61	9
66.62	13
66.63	6
66.64	6
66.65	8
66.66	3
66.67	8
66.68	9
66.69	9
66.7	4
66.71	10
66.72	10
66.73	11
66.74	5
66.75	11
66.76	7
66.77	9
66.78	9
66.79	6
66.8	12
66.81	4
66.82	5
66.83	7
66.84	7
66.85	9
66.86	13
66.87	7
66.88	8
66.89	11
66.9	7
66.91	8
66.92	3
66.93	10
66.94	6
66.95	6
66.96	14
66.97	10
66.98	9
66.99	9
67	7
67.01	12
67.02	10
67.03	13
67.04	10
67.05	12
67.06	13
67.07	19
67.08	9
67.09	11
67.1	11
67.11	13
67.12	13
67.13	9
67.14	17
67.15	15
67.16	9
67.17	23
67.18	20
67.19	13
67.2	19
67.21	20
67.22	23
67.23	25
67.24	23
67.25	19
67.26	20
67.27	25
67.28	26
67.29	26
67.3	23
67.31	33
67.32	30
67.33	13
67.34	23
67.35	17
67.36	18
67.37	17
67.38	11
67.39	23
67.4	15
67.41	20
67.42	20
67.43	23
67.44	14
67.45	16
67.46	16
67.47	11
67.48	16
67.49	22
67.5	16
67.51	12
67.52	21
67.53	15
67.54	7
67.55	13
67.56	17
67.57	21
67.58	16
67.59	17
67.6	18
67.61	16
67.62	19
67.63	15
67.64	15
67.65	20
67.66	20
67.67	24
67.68	25
67.69	17
67.7	11
67.71	15
67.72	17
67.73	12
67.74	19
67.75	11
67.76	13
67.77	14
67.78	12
67.79	16
67.8	8
67.81	13
67.82	11
67.83	13
67.84	16
67.85	10
67.86	8
67.87	22
67.88	19
67.89	15
67.9	9
67.91	11
67.92	13
67.93	13
67.94	8
67.95	12
67.96	13
67.97	8
67.98	13
67.99	11
68	16
68.01	17
68.02	22
68.03	12
68.04	12
68.05	15
68.06	9
68.07	11
68.08	8
68.09	13
68.1	12
68.11	11
68.12	13
68.13	11
68.14	13
68.15	10
68.16	8
68.17	11
68.18	14
68.19	11
68.2	13
68.21	11
68.22	16
68.23	11
68.24	19
68.25	20
68.26	20
68.27	14
68.28	16
68.29	14
68.3	17
68.31	10
68.32	16
68.33	21
68.34	25
68.35	13
68.36	16
68.37	13
68.38	13
68.39	17
68.4	17
68.41	8
68.42	8
68.43	10
68.44	10
68.45	11
68.46	21
68.47	10
68.48	8
68.49	13
68.5	8
68.51	13
68.52	11
68.53	7
68.54	10
68.55	11
68.56	13
68.57	12
68.58	12
68.59	9
68.6	12
68.61	9
68.62	8
68.63	12
68.64	8
68.65	11
68.66	19
68.67	12
68.68	8
68.69	11
68.7	18
68.71	14
68.72	16
68.73	5
68.74	13
68.75	11
68.76	13
68.77	15
68.78	10
68.79	6
68.8	17
68.81	12
68.82	11
68.83	12
68.84	8
68.85	11
68.86	10
68.87	9
68.88	10
68.89	10
68.9	7
68.91	13
68.92	10
68.93	9
68.94	5
68.95	2
68.96	5
68.97	8
68.98	4
68.99	13
69	5
69.01	9
69.02	9
69.03	12
69.04	8
69.05	9
69.06	12
69.07	9
69.08	8
69.09	7
69.1	5
69.11	4
69.12	7
69.13	15
69.14	6
69.15	14
69.16	8
69.17	11
69.18	9
69.19	5
69.2	4
69.21	7
69.22	7
69.23	9
69.24	3
69.25	7
69.26	10
69.27	7
69.28	7
69.29	5
69.3	11
69.31	3
69.32	6
69.33	3
69.34	6
69.35	3
69.36	10
69.37	7
69.38	5
69.39	10
69.4	3
69.41	6
69.42	9
69.43	9
69.44	9
69.45	2
69.46	5
69.47	9
69.48	8
69.49	6
69.5	8
69.51	12
69.52	2
69.53	6
69.54	10
69.55	9
69.56	5
69.57	11
69.58	8
69.59	7
69.6	3
69.61	8
69.62	11
69.63	3
69.64	2
69.65	4
69.66	10
69.67	4
69.68	4
69.69	11
69.7	1
69.71	8
69.72	7
69.73	10
69.74	7
69.75	12
69.76	5
69.77	5
69.78	7
69.79	10
69.8	8
69.81	5
69.82	5
69.83	7
69.84	4
69.85	7
69.86	4
69.87	3
69.88	2
69.89	1
69.9	5
69.91	9
69.92	5
69.93	6
69.94	8
69.95	3
69.96	3
69.97	6
69.98	8
69.99	5
70	10
70.01	5
70.02	6
70.03	7
70.04	4
70.05	11
70.06	6
70.07	8
70.08	6
70.09	5
70.1	7
70.11	4
70.12	6
70.13	5
70.14	6
70.15	5
70.16	10
70.17	6
70.18	4
70.19	6
70.2	5
70.21	5
70.22	7
70.23	3
70.24	5
70.25	9
70.26	2
70.27	8
70.28	10
70.29	3
70.3	5
70.31	7
70.32	3
70.33	3
70.34	3
70.35	5
70.36	9
70.37	10
70.38	8
70.39	6
70.4	9
70.41	4
70.42	3
70.43	6
70.44	7
70.45	3
70.46	7
70.47	8
70.48	5
70.49	8
70.5	6
70.51	4
70.52	4
70.53	8
70.54	4
70.55	12
70.56	4
70.57	11
70.58	4
70.59	5
70.6	4
70.61	3
70.62	4
70.63	4
70.64	3
70.65	10
70.66	4
70.67	3
70.68	6
70.69	6
70.7	2
70.71	2
70.72	9
70.73	6
70.74	9
70.75	6
70.76	6
70.77	5
70.78	8
70.79	4
70.8	8
70.81	7
70.82	8
70.83	8
70.84	8
70.85	7
70.86	8
70.87	5
70.88	4
70.89	4
70.9	4
70.91	6
70.92	3
70.93	2
70.94	11
70.95	6
70.96	5
70.97	7
70.98	2
70.99	6
71	3
71.01	8
71.02	9
71.03	8
71.04	4
71.05	6
71.06	8
71.07	6
71.08	9
71.09	7
71.1	6
71.11	7
71.12	8
71.13	7
71.14	3
71.15	5
71.16	8
71.17	7
71.18	6
71.19	12
71.2	8
71.21	9
71.22	5
71.23	7
71.24	5
71.25	6
71.26	10
71.27	5
71.28	5
71.29	7
71.3	5
71.31	4
71.32	7
71.33	7
71.34	8
71.35	7
71.36	7
71.37	3
71.38	5
71.39	5
71.4	7
71.41	8
71.42	4
71.43	13
71.44	4
71.45	7
71.46	6
71.47	9
71.48	8
71.49	8
71.5	5
71.51	7
71.52	7
71.53	5
71.54	7
71.55	6
71.56	7
71.57	11
71.58	5
71.59	4
71.6	4
71.61	13
71.62	4
71.63	9
71.64	6
71.65	16
71.66	4
71.67	5
71.68	6
71.69	3
71.7	9
71.71	2
71.72	9
71.73	11
71.74	6
71.75	11
71.76	9
71.77	8
71.78	7
71.79	9
71.8	5
71.81	8
71.82	3
71.83	4
71.84	8
71.85	6
71.86	5
71.87	11
71.88	5
71.89	6
71.9	7
71.91	4
71.92	8
71.93	5
71.94	6
71.95	6
71.96	9
71.97	7
71.98	12
71.99	7
72	7
72.01	7
72.02	9
72.03	6
72.04	6
72.05	5
72.06	4
72.07	11
72.08	3
72.09	6
72.1	11
72.11	8
72.12	6
72.13	6
72.14	1
72.15	5
72.16	6
72.17	4
72.18	7
72.19	5
72.2	7
72.21	7
72.22	12
72.23	3
72.24	7
72.25	6
72.26	7
72.27	1
72.28	4
72.29	7
72.3	11
72.31	10
72.32	8
72.33	1
72.34	4
72.35	8
72.36	12
72.37	9
72.38	11
72.39	5
72.4	6
72.41	5
72.42	6
72.43	4
72.44	7
72.45	7
72.46	3
72.47	9
72.48	9
72.49	10
72.5	6
72.51	13
72.52	7
72.53	9
72.54	10
72.55	11
72.56	0
72.57	11
72.58	14
72.59	5
72.6	15
72.61	7
72.62	7
72.63	5
72.64	7
72.65	10
72.66	10
72.67	2
72.68	8
72.69	10
72.7	9
72.71	3
72.72	4
72.73	13
72.74	15
72.75	22
72.76	17
72.77	13
72.78	10
72.79	8
72.8	15
72.81	4
72.82	14
72.83	11
72.84	9
72.85	15
72.86	4
72.87	12
72.88	10
72.89	12
72.9	10
72.91	17
72.92	10
72.93	8
72.94	7
72.95	8
72.96	15
72.97	7
72.98	6
72.99	7
73	7
73.01	12
73.02	5
73.03	6
73.04	15
73.05	6
73.06	10
73.07	11
73.08	12
73.09	13
73.1	11
73.11	15
73.12	9
73.13	8
73.14	10
73.15	8
73.16	6
73.17	13
73.18	12
73.19	5
73.2	5
73.21	13
73.22	11
73.23	14
73.24	7
73.25	13
73.26	7
73.27	10
73.28	6
73.29	11
73.3	10
73.31	9
73.32	5
73.33	13
73.34	11
73.35	11
73.36	10
73.37	5
73.38	5
73.39	11
73.4	8
73.41	8
73.42	6
73.43	9
73.44	7
73.45	11
73.46	6
73.47	6
73.48	9
73.49	7
73.5	9
73.51	3
73.52	3
73.53	10
73.54	5
73.55	5
73.56	5
73.57	9
73.58	6
73.59	7
73.6	8
73.61	7
73.62	8
73.63	4
73.64	5
73.65	6
73.66	3
73.67	9
73.68	9
73.69	2
73.7	5
73.71	6
73.72	4
73.73	8
73.74	8
73.75	9
73.76	6
73.77	4
73.78	6
73.79	3
73.8	5
73.81	5
73.82	7
73.83	4
73.84	9
73.85	3
73.86	3
73.87	2
73.88	5
73.89	8
73.9	4
73.91	6
73.92	2
73.93	5
73.94	5
73.95	11
73.96	10
73.97	4
73.98	6
73.99	10
74	5
74.01	15
74.02	4
74.03	5
74.04	4
74.05	4
74.06	7
74.07	8
74.08	5
74.09	11
74.1	7
74.11	6
74.12	8
74.13	5
74.14	5
74.15	9
74.16	7
74.17	9
74.18	9
74.19	7
74.2	6
74.21	5
74.22	3
74.23	9
74.24	5
74.25	3
74.26	5
74.27	7
74.28	10
74.29	7
74.3	7
74.31	8
74.32	8
74.33	15
74.34	5
74.35	7
74.36	12
74.37	4
74.38	5
74.39	4
74.4	11
74.41	6
74.42	9
74.43	3
74.44	9
74.45	7
74.46	3
74.47	5
74.48	5
74.49	6
74.5	13
74.51	11
74.52	6
74.53	5
74.54	8
74.55	9
74.56	7
74.57	8
74.58	13
74.59	7
74.6	13
74.61	6
74.62	14
74.63	7
74.64	7
74.65	9
74.66	4
74.67	13
74.68	8
74.69	16
74.7	14
74.71	15
74.72	9
74.73	9
74.74	9
74.75	23
74.76	11
74.77	13
74.78	8
74.79	17
74.8	10
74.81	7
74.82	10
74.83	18
74.84	14
74.85	13
74.86	17
74.87	14
74.88	12
74.89	7
74.9	11
74.91	11
74.92	11
74.93	16
74.94	13
74.95	7
74.96	10
74.97	6
74.98	17
74.99	9
75	6
75.01	7
75.02	7
75.03	9
75.04	13
75.05	8
75.06	9
75.07	8
75.08	12
75.09	10
75.1	8
75.11	12
75.12	16
75.13	7
75.14	8
75.15	11
75.16	10
75.17	11
75.18	13
75.19	12
75.2	10
75.21	12
75.22	13
75.23	10
75.24	14
75.25	8
75.26	11
75.27	18
75.28	16
75.29	13
75.3	8
75.31	13
75.32	10
75.33	13
75.34	11
75.35	9
75.36	5
75.37	12
75.38	10
75.39	13
75.4	8
75.41	14
75.42	8
75.43	7
75.44	7
75.45	9
75.46	10
75.47	14
75.48	9
75.49	9
75.5	13
75.51	16
75.52	12
75.53	16
75.54	5
75.55	12
75.56	15
75.57	9
75.58	5
75.59	13
75.6	11
75.61	10
75.62	13
75.63	11
75.64	7
75.65	8
75.66	8
75.67	11
75.68	11
75.69	14
75.7	8
75.71	13
75.72	13
75.73	8
75.74	6
75.75	10
75.76	7
75.77	9
75.78	10
75.79	9
75.8	14
75.81	9
75.82	9
75.83	5
75.84	10
75.85	5
75.86	6
75.87	5
75.88	5
75.89	8
75.9	3
75.91	5
75.92	8
75.93	2
75.94	5
75.95	9
75.96	9
75.97	12
75.98	2
75.99	11
76	11
76.01	11
76.02	8
76.03	9
76.04	8
76.05	9
76.06	6
76.07	7
76.08	2
76.09	11
76.1	7
76.11	7
76.12	9
76.13	10
76.14	12
76.15	10
76.16	6
76.17	6
76.18	6
76.19	4
76.2	2
76.21	5
76.22	12
76.23	5
76.24	5
76.25	7
76.26	7
76.27	5
76.28	8
76.29	3
76.3	7
76.31	9
76.32	9
76.33	8
76.34	5
76.35	11
76.36	3
76.37	5
76.38	5
76.39	8
76.4	4
76.41	7
76.42	6
76.43	7
76.44	4
76.45	1
76.46	5
76.47	7
76.48	10
76.49	3
76.5	3
76.51	8
76.52	4
76.53	4
76.54	6
76.55	11
76.56	9
76.57	6
76.58	3
76.59	8
76.6	5
76.61	1
76.62	7
76.63	6
76.64	7
76.65	9
76.66	7
76.67	10
76.68	3
76.69	8
76.7	4
76.71	4
76.72	5
76.73	7
76.74	7
76.75	6
76.76	5
76.77	8
76.78	8
76.79	4
76.8	4
76.81	2
76.82	7
76.83	2
76.84	6
76.85	8
76.86	7
76.87	8
76.88	8
76.89	8
76.9	5
76.91	5
76.92	8
76.93	6
76.94	7
76.95	7
76.96	14
76.97	5
76.98	6
76.99	5
77	6
77.01	6
77.02	4
77.03	6
77.04	7
77.05	3
77.06	6
77.07	3
77.08	4
77.09	6
77.1	5
77.11	5
77.12	5
77.13	7
77.14	3
77.15	5
77.16	7
77.17	4
77.18	4
77.19	7
77.2	2
77.21	10
77.22	4
77.23	13
77.24	10
77.25	8
77.26	11
77.27	6
77.28	6
77.29	10
77.3	5
77.31	4
77.32	3
77.33	5
77.34	8
77.35	8
77.36	6
77.37	7
77.38	3
77.39	3
77.4	7
77.41	8
77.42	2
77.43	9
77.44	9
77.45	6
77.46	8
77.47	8
77.48	3
77.49	8
77.5	11
77.51	9
77.52	5
77.53	7
77.54	3
77.55	7
77.56	4
77.57	6
77.58	8
77.59	11
77.6	7
77.61	5
77.62	4
77.63	10
77.64	8
77.65	4
77.66	4
77.67	5
77.68	6
77.69	8
77.7	6
77.71	5
77.72	6
77.73	6
77.74	6
77.75	5
77.76	3
77.77	4
77.78	9
77.79	7
77.8	8
77.81	4
77.82	5
77.83	6
77.84	6
77.85	11
77.86	6
77.87	11
77.88	1
77.89	3
77.9	10
77.91	8
77.92	5
77.93	10
77.94	9
77.95	9
77.96	6
77.97	5
77.98	6
77.99	11
78	4
78.01	10
78.02	8
78.03	9
78.04	5
78.05	11
78.06	8
78.07	8
78.08	6
78.09	7
78.1	6
78.11	8
78.12	1
78.13	6
78.14	9
78.15	5
78.16	7
78.17	5
78.18	7
78.19	5
78.2	6
78.21	10
78.22	5
78.23	8
78.24	2
78.25	11
78.26	3
78.27	8
78.28	2
78.29	7
78.3	8
78.31	8
78.32	8
78.33	7
78.34	6
78.35	10
78.36	4
78.37	4
78.38	8
78.39	10
78.4	8
78.41	10
78.42	12
78.43	5
78.44	7
78.45	6
78.46	10
78.47	4
78.48	2
78.49	7
78.5	7
78.51	5
78.52	4
78.53	6
78.54	7
78.55	1
78.56	6
78.57	6
78.58	6
78.59	4
78.6	6
78.61	8
78.62	2
78.63	5
78.64	5
78.65	9
78.66	1
78.67	6
78.68	5
78.69	9
78.7	5
78.71	8
78.72	5
78.73	7
78.74	7
78.75	4
78.76	3
78.77	5
78.78	4
78.79	5
78.8	9
78.81	6
78.82	6
78.83	2
78.84	5
78.85	7
78.86	4
78.87	8
78.88	6
78.89	3
78.9	6
78.91	4
78.92	11
78.93	4
78.94	4
78.95	9
78.96	9
78.97	2
78.98	4
78.99	2
79	10
79.01	10
79.02	7
79.03	9
79.04	3
79.05	8
79.06	3
79.07	4
79.08	7
79.09	7
79.1	14
79.11	14
79.12	5
79.13	10
79.14	12
79.15	3
79.16	9
79.17	6
79.18	12
79.19	6
79.2	8
79.21	7
79.22	3
79.23	12
79.24	7
79.25	8
79.26	1
79.27	4
79.28	5
79.29	3
79.3	6
79.31	6
79.32	8
79.33	4
79.34	6
79.35	6
79.36	7
79.37	6
79.38	5
79.39	7
79.4	6
79.41	11
79.42	4
79.43	5
79.44	3
79.45	9
79.46	8
79.47	7
79.48	8
79.49	6
79.5	8
79.51	15
79.52	5
79.53	7
79.54	4
79.55	7
79.56	6
79.57	5
79.58	4
79.59	8
79.6	10
79.61	4
79.62	8
79.63	7
79.64	7
79.65	4
79.66	9
79.67	9
79.68	9
79.69	12
79.7	4
79.71	11
79.72	10
79.73	8
79.74	10
79.75	9
79.76	7
79.77	7
79.78	10
79.79	9
79.8	9
79.81	10
79.82	4
79.83	8
79.84	5
79.85	8
79.86	11
79.87	6
79.88	7
79.89	10
79.9	12
79.91	11
79.92	4
79.93	13
79.94	6
79.95	6
79.96	9
79.97	13
79.98	10
79.99	12
80	15
