Laser Delay [ns];TA [mOD]
-400;-0.054206
-390;-0.259137
-380;0.061732
-370;-0.336003
-360;-0.083768
-350;-0.040889
-340;-0.176944
-330;0.023369
-320;-0.180973
-310;0.001309
-300;-0.075678
-290;-0.069133
-280;-0.455898
-270;0.153977
-260;-0.111724
-250;-0.067260
-240;-0.015321
-230;-0.109981
-220;-0.148906
-210;-0.236960
-200;0.111650
-190;-0.186221
-180;-0.370407
-170;-0.232207
-160;-0.149940
-150;-0.091754
-140;-0.322706
-130;-0.033027
-120;-0.079274
-110;-0.033515
-100;-0.199967
-90;-0.168958
-80;-0.038339
-70;-0.203722
-60;-0.105928
-50;-0.184175
-40;-0.134446
-30;0.127324
-20;0.551794
-10;1.471042
0;2.977552
10;4.194892
20;5.320172
30;6.543088
40;7.776548
50;8.999203
60;10.124297
70;11.286467
80;12.399776
90;12.988632
100;13.762470
110;13.681511
120;13.639456
130;13.334125
140;13.222265
150;13.021279
160;13.021186
170;12.677581
180;12.233750
190;12.429051
200;12.299837
210;12.168874
220;11.944397
230;11.614581
240;11.558334
250;11.149665
260;11.036352
270;11.075980
280;10.782170
290;10.909516
300;10.514048
310;10.478087
320;10.343658
330;10.163600
340;10.056170
350;9.835846
360;9.648857
370;9.610260
380;9.464773
390;9.456918
400;9.322164
410;9.218520
420;9.051029
430;8.750298
440;8.855356
450;8.853014
460;8.664067
470;8.444550
480;8.399740
490;8.500798
500;8.033872
510;7.947835
520;7.757755
530;7.656738
540;7.628207
550;7.668371
560;7.534014
570;7.481341
580;7.190148
590;7.114889
600;7.146020
610;6.973943
620;7.134794
630;6.773837
640;6.514575
650;6.689164
660;6.504446
670;6.501291
680;6.389716
690;6.404028
700;6.381913
710;6.283665
720;6.245089
730;5.955410
740;5.867270
750;5.949882
760;5.859049
770;5.877523
780;5.912873
790;5.728836
800;5.626597
810;5.432001
820;5.510187
830;5.608423
840;5.327585
850;5.039513
860;5.239324
870;5.044624
880;5.072968
890;5.097331
900;5.005276
910;4.935328
920;4.930951
930;4.914521
940;4.852069
950;4.686953
960;4.734290
970;4.565731
980;4.665193
990;4.699348
1000;4.472036
1010;4.272528
1020;4.556610
1030;4.540063
1040;4.304223
1050;4.441989
1060;4.387620
1070;4.138974
1080;4.278849
1090;4.235351
1100;4.232192
1110;4.203642
1120;4.130551
1130;4.188405
1140;3.846321
1150;4.089186
1160;4.159874
1170;3.980683
1180;3.949024
1190;3.712861
1200;3.907684
1210;3.675982
1220;3.864496
1230;3.751337
1240;3.756175
1250;3.729150
1260;3.743958
1270;3.722787
1280;3.421231
1290;3.600461
1300;3.452265
1310;3.396400
1320;3.498595
1330;3.483909
1340;3.368533
1350;3.170716
1360;3.262733
1370;3.472595
1380;3.148451
1390;3.171486
1400;3.258400
1410;3.330972
1420;3.127215
1430;3.502346
1440;3.098063
1450;3.093773
1460;3.166037
1470;3.207178
1480;3.328085
1490;3.010048
1500;3.155758
1510;2.954827
1520;2.742623
1530;3.170305
1540;2.518074
1550;NaN
1560;2.506047
1570;2.990147
1580;2.941720
1590;2.824509
1600;2.891724
1610;2.872804
1620;3.000950
1630;2.959680
1640;2.812916
1650;2.947084
1660;2.782516
1670;2.774746
1680;2.747412
1690;2.803513
1700;2.893504
1710;2.748220
1720;2.440913
1730;2.774871
1740;2.733030
1750;2.600702
1760;2.535550
1770;2.567327
1780;2.845627
1790;2.848333
1800;2.515017
1810;2.540067
1820;2.516918
1830;2.538781
1840;2.665730
1850;2.671072
1860;2.496253
1870;2.684011
1880;2.712651
1890;2.336263
1900;2.594019
1910;2.646612
1920;2.548828
1930;2.496646
1940;2.520615
1950;2.526409
1960;2.357314
1970;2.393795
1980;2.550551
1990;2.467542
2000;2.492922
2010;2.576874
2020;2.484730
2030;2.313024
2040;2.375895
2050;2.451910
2060;2.269006
2070;2.364690
2080;2.629624
2090;2.448089
2100;2.380893
2110;2.207374
2120;2.397295
2130;2.481466
2140;2.391495
2150;2.456850
2160;2.547558
2170;2.276180
2180;2.350032
2190;2.314100
2200;2.569290
2210;2.200581
2220;2.327162
2230;2.378961
2240;2.205116
2250;2.350264
2260;2.541636
2270;2.116227
2280;2.335774
2290;2.324854
2300;2.708746
2310;2.147787
2320;2.324965
2330;2.306721
2340;2.314612
2350;2.272448
2360;2.168404
2370;2.341576
2380;2.498499
2390;2.131435
2400;2.450744
2410;2.084668
2420;2.355229
2430;2.052969
2440;2.350159
2450;2.322608
2460;2.163595
2470;2.299658
2480;2.441465
2490;2.269084
2500;2.165050
2510;2.106810
2520;2.163506
2530;2.402567
2540;2.065094
2550;2.142986
2560;2.206245
2570;2.227939
2580;2.122009
2590;2.120200
2600;2.253193
2610;2.227794
2620;2.191989
2630;2.410698
2640;2.080982
2650;2.222636
2660;2.232186
2670;2.097770
2680;2.191197
2690;2.121431
2700;2.361503
2710;2.269845
2720;2.233285
2730;2.141681
2740;2.072607
2750;2.206799
2760;2.230618
2770;2.385408
2780;2.144793
2790;2.222880
2800;2.137468
2810;2.224781
2820;2.365528
2830;2.291810
2840;2.091054
2850;2.275718
2860;2.191538
2870;2.057534
2880;2.192430
2890;2.050204
2900;2.225529
2910;2.148594
2920;2.217257
2930;2.220779
2940;1.994792
2950;2.188038
2960;2.113248
2970;2.073597
2980;2.316704
2990;2.498092
3000;2.003048
3010;2.221821
3020;1.956184
3030;2.253638
3040;2.139692
3050;2.348761
3060;2.179980
3070;2.085804
3080;1.959692
3090;1.861136
3100;2.055110
3110;2.106608
3120;2.180013
3130;2.409484
3140;1.603728
3150;1.926494
3160;1.911007
3170;2.254657
3180;2.236876
3190;2.311398
3200;2.298159
3210;2.140043
3220;2.084021
3230;2.110950
3240;1.953465
3250;2.066513
3260;2.020830
3270;2.263148
3280;2.115564
3290;2.015530
3300;2.035196
3310;2.216137
3320;1.997323
3330;2.092185
3340;1.799695
3350;2.159570
3360;2.195568
3370;2.005490
3380;2.066630
3390;2.174503
3400;2.079613
3410;2.119708
3420;1.958333
3430;1.982827
3440;2.005229
3450;1.969762
3460;1.992901
3470;2.251432
3480;1.963779
3490;2.090210
3500;1.966902
3510;2.144588
3520;2.153409
3530;2.288925
3540;2.109418
3550;1.925926
3560;2.024146
3570;2.108813
3580;2.362393
3590;2.069443
3600;1.904124
3610;1.983647
3620;2.048449
3630;2.276159
3640;1.965710
3650;1.978323
3660;2.165291
3670;1.980106
3680;2.025531
3690;2.298769
3700;2.022802
3710;2.477777
3720;2.130130
3730;1.954021
3740;2.175217
3750;2.090713
3760;2.027536
3770;2.144195
3780;2.072710
3790;2.109087
3800;2.168823
3810;2.164715
3820;1.762105
3830;2.139853
3840;2.079529
3850;2.053613
3860;2.015215
3870;2.203026
3880;2.027744
3890;1.912366
3900;2.008430
3910;1.830067
3920;2.312302
3930;1.949444
3940;2.021978
3950;2.022005
3960;2.399570
3970;2.085611
3980;1.953462
3990;2.209134
4000;2.053745
4010;2.239425
4020;2.268884
4030;1.993631
4040;2.083183
4050;1.910687
4060;1.889444
4070;1.956804
4080;2.393065
4090;2.007182
4100;2.054311
4110;1.871726
4120;2.061119
4130;2.152162
4140;2.022862
4150;2.235901
4160;2.062207
4170;1.969207
4180;2.085860
4190;2.123997
4200;2.106854
4210;2.198756
4220;2.046128
4230;2.006610
4240;1.991559
4250;1.931186
4260;2.170031
4270;2.086779
4280;1.925151
4290;1.984282
4300;2.050265
4310;2.101572
4320;2.038670
4330;1.909800
4340;1.995650
4350;1.844927
4360;1.924313
4370;1.853385
4380;2.089622
4390;2.062390
4400;2.041021
4410;2.061206
4420;2.042380
4430;1.976569
4440;2.061378
4450;2.082797
4460;2.255867
4470;1.963628
4480;2.061858
4490;2.064350
4500;2.006204
4510;1.837674
4520;2.110184
4530;2.010777
4540;2.045499
4550;1.955677
4560;1.814272
4570;1.951486
4580;2.018102
4590;1.767764
4600;1.974153
4610;2.033479
4620;1.992183
4630;2.062211
4640;2.007609
4650;2.109721
4660;1.997234
4670;1.861728
4680;2.056339
4690;1.963688
4700;1.998110
4710;2.126368
4720;1.925182
4730;1.929718
4740;1.821120
4750;2.117176
4760;1.964793
4770;1.999617
4780;2.078300
4790;1.943276
4800;2.056330
4810;1.934243
4820;2.056620
4830;2.168991
4840;2.041221
4850;2.106602
4860;1.989049
4870;2.072224
4880;2.314434
4890;2.245570
4900;1.911660
4910;2.073596
4920;1.906829
4930;2.139074
4940;2.176264
4950;1.928203
4960;1.975671
4970;1.841412
4980;2.092749
4990;1.669333
5000;2.217777
